0,1,2,3,4,5,6,7,8,9,10,11,12,13,14,15,16,17,18,19
"[-1, -1, 10]","[0, 2, 4]",8,8,"[-10, -10, -10, -10, -10, -10, -10, -10, -10, -10]","[2, 2, 2, 2, 2, 2, 2, 2, 2, 2]",-100,-100,"[-10, -10, -10, -10, -10, -10, -10, -10, -10, -10]","[2, 2, 2, 2, 2, 2, 2, 2, 2, 2]",-100,-100,"[-1, -1, 10]","[0, 2, 4]",8,8,"[-1, -10, -10, -10, -10, -10, -10, -10, -10, -10]","[0, 1, 1, 1, 1, 1, 1, 1, 1, 1]",-91,-91
"[-1, -10, -10, -10, -10, -10, -10, -10, -10, -10]","[0, 1, 1, 1, 1, 1, 1, 1, 1, 1]",-91,-83,"[-10, -10, -10, -10, -10, -10, -10, -10, -10, -10]","[2, 2, 2, 2, 2, 2, 2, 2, 2, 2]",-100,-200,"[-1, -1, -1, 10]","[0, 2, 2, 4]",7,-93,"[-1, -1, 10]","[0, 2, 4]",8,16,"[-1, -1, 10]","[0, 2, 4]",8,-83
"[-1, -1, -1, 10]","[0, 2, 2, 4]",7,-76,"[-1, -1, -1, 10]","[0, 2, 2, 4]",7,-193,"[-10, -10, -10, -10, -10, -10, -10, -10, -10, -10]","[2, 2, 2, 2, 2, 2, 2, 2, 2, 2]",-100,-193,"[-10, -10, -10, -10, -10, -10, -10, -10, -10, -10]","[2, 2, 2, 2, 2, 2, 2, 2, 2, 2]",-100,-84,"[-1, -1, -1, -1, 10]","[0, 2, 1, 5, 4]",6,-77
"[-10, -10, -10, -10, -10, -10, -10, -10, -10, -10]","[2, 2, 2, 2, 2, 2, 2, 2, 2, 2]",-100,-176,"[-1, -1, -1, 10]","[0, 2, 2, 4]",7,-186,"[-1, -10, -10, -10, -10, -10, -10, -10, -10, -10]","[0, 3, 3, 3, 3, 3, 3, 3, 3, 3]",-91,-284,"[-1, -1, -1, 10]","[0, 1, 5, 4]",7,-77,"[-1, -1, 10]","[0, 2, 4]",8,-69
"[-10, -10, -10, -10, -10, -10, -10, -10, -10, -10]","[1, 1, 1, 1, 1, 1, 1, 1, 1, 1]",-100,-276,"[-1, -1, -1, 10]","[0, 2, 2, 4]",7,-179,"[-10, -10, -10, -10, -10, -10, -10, -10, -10, -10]","[1, 1, 1, 1, 1, 1, 1, 1, 1, 1]",-100,-384,"[-10, -10, -10, -10, -10, -10, -10, -10, -10, -10]","[2, 2, 2, 2, 2, 2, 2, 2, 2, 2]",-100,-177,"[-10, -10, -10, -10, -10, -10, -10, -10, -10, -10]","[2, 2, 2, 2, 2, 2, 2, 2, 2, 2]",-100,-169
"[-10, -10, -10, -10, -10, -10, -10, -10, -10, -10]","[1, 1, 1, 1, 1, 1, 1, 1, 1, 1]",-100,-376,"[-1, -1, -1, 10]","[0, 1, 5, 4]",7,-172,"[-10, -10, -10, -10, -10, -10, -10, -10, -10, -10]","[2, 2, 2, 2, 2, 2, 2, 2, 2, 2]",-100,-484,"[-10, -10, -10, -10, -10, -10, -10, -10, -10, -10]","[2, 2, 2, 2, 2, 2, 2, 2, 2, 2]",-100,-277,"[-1, -1, -1, -1, -1, 10]","[0, 2, 2, 1, 5, 4]",5,-164
"[-10, -10, -10, -10, -10, -10, -10, -10, -10, -10]","[1, 1, 1, 1, 1, 1, 1, 1, 1, 1]",-100,-476,"[-1, -1, -1, 10]","[0, 2, 2, 4]",7,-165,"[-10, -10, -10, -10, -10, -10, -10, -10, -10, -10]","[2, 2, 2, 2, 2, 2, 2, 2, 2, 2]",-100,-584,"[-1, -1, -1, -1, 10]","[0, 2, 1, 5, 4]",6,-271,"[-1, -1, -1, 10]","[0, 2, 2, 4]",7,-157
"[-1, -1, 10]","[0, 2, 4]",8,-468,"[-10, -10, -10, -10, -10, -10, -10, -10, -10, -10]","[1, 1, 1, 1, 1, 1, 1, 1, 1, 1]",-100,-265,"[-1, -1, -1, -1, -1, 10]","[0, 2, 2, 1, 5, 4]",5,-579,"[-1, -1, -1, -1, -1, 10]","[0, 2, 2, 1, 5, 4]",5,-266,"[-10, -10, -10, -10, -10, -10, -10, -10, -10, -10]","[2, 2, 2, 2, 2, 2, 2, 2, 2, 2]",-100,-257
"[-1, -1, -1, 10]","[0, 2, 2, 4]",7,-461,"[-1, -1, 10]","[0, 2, 4]",8,-257,"[-10, -10, -10, -10, -10, -10, -10, -10, -10, -10]","[1, 1, 1, 1, 1, 1, 1, 1, 1, 1]",-100,-679,"[-10, -10, -10, -10, -10, -10, -10, -10, -10, -10]","[1, 1, 1, 1, 1, 1, 1, 1, 1, 1]",-100,-366,"[-1, -1, -1, 10]","[0, 1, 5, 4]",7,-250
"[-1, -1, -1, -1, -1, 10]","[0, 2, 2, 1, 5, 4]",5,-456,"[-10, -10, -10, -10, -10, -10, -10, -10, -10, -10]","[1, 1, 1, 1, 1, 1, 1, 1, 1, 1]",-100,-357,"[-1, -1, -1, 10]","[0, 2, 2, 4]",7,-672,"[-1, -1, -1, 10]","[0, 2, 2, 4]",7,-359,"[-1, -1, 10]","[0, 2, 4]",8,-242
"[-1, -1, 10]","[0, 2, 4]",8,-448,"[-1, -10, -10, -10, -10, -10, -10, -10, -10, -10]","[0, 3, 3, 3, 3, 3, 3, 3, 3, 3]",-91,-448,"[-10, -10, -10, -10, -10, -10, -10, -10, -10, -10]","[2, 2, 2, 2, 2, 2, 2, 2, 2, 2]",-100,-772,"[-10, -10, -10, -10, -10, -10, -10, -10, -10, -10]","[2, 2, 2, 2, 2, 2, 2, 2, 2, 2]",-100,-459,"[-1, -1, 10]","[0, 2, 4]",8,-234
"[-1, -1, -1, 10]","[0, 2, 2, 4]",7,-441,"[-10, -10, -10, -10, -10, -10, -10, -10, -10, -10]","[1, 1, 1, 1, 1, 1, 1, 1, 1, 1]",-100,-548,"[-10, -10, -10, -10, -10, -10, -10, -10, -10, -10]","[2, 2, 2, 2, 2, 2, 2, 2, 2, 2]",-100,-872,"[-10, -10, -10, -10, -10, -10, -10, -10, -10, -10]","[2, 2, 2, 2, 2, 2, 2, 2, 2, 2]",-100,-559,"[-10, -10, -10, -10, -10, -10, -10, -10, -10, -10]","[1, 1, 1, 1, 1, 1, 1, 1, 1, 1]",-100,-334
"[-10, -10, -10, -10, -10, -10, -10, -10, -10, -10]","[2, 2, 2, 2, 2, 2, 2, 2, 2, 2]",-100,-541,"[-10, -10, -10, -10, -10, -10, -10, -10, -10, -10]","[1, 1, 1, 1, 1, 1, 1, 1, 1, 1]",-100,-648,"[-10, -10, -10, -10, -10, -10, -10, -10, -10, -10]","[2, 2, 2, 2, 2, 2, 2, 2, 2, 2]",-100,-972,"[-1, -1, -1, -1, -1, 10]","[0, 2, 2, 1, 5, 4]",5,-554,"[-1, -1, 10]","[0, 2, 4]",8,-326
"[-10, -10, -10, -10, -10, -10, -10, -10, -10, -10]","[1, 1, 1, 1, 1, 1, 1, 1, 1, 1]",-100,-641,"[-1, -1, -1, -1, 10]","[0, 2, 1, 5, 4]",6,-642,"[-10, -10, -10, -10, -10, -10, -10, -10, -10, -10]","[2, 2, 2, 2, 2, 2, 2, 2, 2, 2]",-100,-1072,"[-1, -1, -1, 10]","[0, 2, 2, 4]",7,-547,"[-1, -1, -1, -1, 10]","[0, 2, 1, 5, 4]",6,-320
"[-1, -10, -10, -10, -10, -10, -10, -10, -10, -10]","[0, 3, 3, 3, 3, 3, 3, 3, 3, 3]",-91,-732,"[-1, -10, -10, -10, -10, -10, -10, -10, -10, -10]","[0, 1, 1, 1, 1, 1, 1, 1, 1, 1]",-91,-733,"[-1, -1, -1, 10]","[0, 2, 2, 4]",7,-1065,"[-1, -1, 10]","[0, 2, 4]",8,-539,"[-1, -1, -1, -1, -1, 10]","[0, 2, 2, 1, 5, 4]",5,-315
"[-1, -10, -10, -10, -10, -10, -10, -10, -10, -10]","[0, 3, 3, 3, 3, 3, 3, 3, 3, 3]",-91,-823,"[-1, -1, -1, 10]","[0, 2, 2, 4]",7,-726,"[-10, -10, -10, -10, -10, -10, -10, -10, -10, -10]","[2, 2, 2, 2, 2, 2, 2, 2, 2, 2]",-100,-1165,"[-10, -10, -10, -10, -10, -10, -10, -10, -10, -10]","[2, 2, 2, 2, 2, 2, 2, 2, 2, 2]",-100,-639,"[-10, -10, -10, -10, -10, -10, -10, -10, -10, -10]","[2, 2, 2, 2, 2, 2, 2, 2, 2, 2]",-100,-415
"[-10, -10, -10, -10, -10, -10, -10, -10, -10, -10]","[1, 1, 1, 1, 1, 1, 1, 1, 1, 1]",-100,-923,"[-1, -10, -10, -10, -10, -10, -10, -10, -10, -10]","[0, 1, 1, 1, 1, 1, 1, 1, 1, 1]",-91,-817,"[-1, -1, 10]","[0, 2, 4]",8,-1157,"[-1, -1, 10]","[0, 2, 4]",8,-631,"[-1, -1, -1, -1, 10]","[0, 2, 1, 5, 4]",6,-409
"[-1, -1, -1, 10]","[0, 2, 2, 4]",7,-916,"[-10, -10, -10, -10, -10, -10, -10, -10, -10, -10]","[1, 1, 1, 1, 1, 1, 1, 1, 1, 1]",-100,-917,"[-1, -1, -1, -1, 10]","[0, 2, 1, 5, 4]",6,-1151,"[-1, -1, -1, 10]","[0, 2, 2, 4]",7,-624,"[-1, -1, -1, -1, 10]","[0, 2, 1, 5, 4]",6,-403
"[-1, -1, 10]","[0, 2, 4]",8,-908,"[-1, -1, 10]","[0, 2, 4]",8,-909,"[-1, -1, -1, 10]","[0, 2, 2, 4]",7,-1144,"[-1, -1, -1, 10]","[0, 1, 5, 4]",7,-617,"[-1, -1, -1, 10]","[0, 2, 2, 4]",7,-396
"[-1, -1, 10]","[0, 2, 4]",8,-900,"[-10, -10, -10, -10, -10, -10, -10, -10, -10, -10]","[1, 1, 1, 1, 1, 1, 1, 1, 1, 1]",-100,-1009,"[-1, -1, 10]","[0, 2, 4]",8,-1136,"[-10, -10, -10, -10, -10, -10, -10, -10, -10, -10]","[1, 1, 1, 1, 1, 1, 1, 1, 1, 1]",-100,-717,"[-1, -1, 10]","[0, 2, 4]",8,-388
"[-1, -1, 10]","[0, 2, 4]",8,-892,"[-10, -10, -10, -10, -10, -10, -10, -10, -10, -10]","[2, 2, 2, 2, 2, 2, 2, 2, 2, 2]",-100,-1109,"[-10, -10, -10, -10, -10, -10, -10, -10, -10, -10]","[2, 2, 2, 2, 2, 2, 2, 2, 2, 2]",-100,-1236,"[-1, -10, -10, -10, -10, -10, -10, -10, -10, -10]","[0, 1, 1, 1, 1, 1, 1, 1, 1, 1]",-91,-808,"[-10, -10, -10, -10, -10, -10, -10, -10, -10, -10]","[1, 1, 1, 1, 1, 1, 1, 1, 1, 1]",-100,-488
"[-1, -1, 10]","[0, 2, 4]",8,-884,"[-10, -10, -10, -10, -10, -10, -10, -10, -10, -10]","[1, 1, 1, 1, 1, 1, 1, 1, 1, 1]",-100,-1209,"[-1, -1, 10]","[0, 2, 4]",8,-1228,"[-1, -1, -1, -1, 10]","[0, 2, 1, 5, 4]",6,-802,"[-1, -10, -10, -10, -10, -10, -10, -10, -10, -10]","[0, 1, 1, 1, 1, 1, 1, 1, 1, 1]",-91,-579
"[-10, -10, -10, -10, -10, -10, -10, -10, -10, -10]","[2, 2, 2, 2, 2, 2, 2, 2, 2, 2]",-100,-984,"[-1, -1, -1, 10]","[0, 2, 2, 4]",7,-1202,"[-10, -10, -10, -10, -10, -10, -10, -10, -10, -10]","[2, 2, 2, 2, 2, 2, 2, 2, 2, 2]",-100,-1328,"[-1, -1, -1, -1, 10]","[0, 2, 1, 5, 4]",6,-796,"[-1, -1, -1, 10]","[0, 2, 2, 4]",7,-572
"[-10, -10, -10, -10, -10, -10, -10, -10, -10, -10]","[2, 2, 2, 2, 2, 2, 2, 2, 2, 2]",-100,-1084,"[-1, -1, -1, -1, -1, 10]","[0, 2, 2, 1, 5, 4]",5,-1197,"[-1, -1, 10]","[0, 2, 4]",8,-1320,"[-10, -10, -10, -10, -10, -10, -10, -10, -10, -10]","[2, 2, 2, 2, 2, 2, 2, 2, 2, 2]",-100,-896,"[-10, -10, -10, -10, -10, -10, -10, -10, -10, -10]","[2, 2, 2, 2, 2, 2, 2, 2, 2, 2]",-100,-672
"[-1, -1, -1, 10]","[0, 1, 5, 4]",7,-1077,"[-1, -1, -1, 10]","[0, 1, 5, 4]",7,-1190,"[-1, -1, -1, 10]","[0, 2, 2, 4]",7,-1313,"[-10, -10, -10, -10, -10, -10, -10, -10, -10, -10]","[2, 2, 2, 2, 2, 2, 2, 2, 2, 2]",-100,-996,"[-1, -1, -1, 10]","[0, 1, 5, 4]",7,-665
"[-10, -10, -10, -10, -10, -10, -10, -10, -10, -10]","[1, 1, 1, 1, 1, 1, 1, 1, 1, 1]",-100,-1177,"[-1, -1, -1, 10]","[0, 2, 2, 4]",7,-1183,"[-1, -1, -1, 10]","[0, 1, 5, 4]",7,-1306,"[-10, -10, -10, -10, -10, -10, -10, -10, -10, -10]","[2, 2, 2, 2, 2, 2, 2, 2, 2, 2]",-100,-1096,"[-1, -1, -1, 10]","[0, 2, 2, 4]",7,-658
"[-1, -1, -1, 10]","[0, 1, 5, 4]",7,-1170,"[-1, -1, -1, -1, -1, 10]","[0, 2, 2, 1, 5, 4]",5,-1178,"[-10, -10, -10, -10, -10, -10, -10, -10, -10, -10]","[2, 2, 2, 2, 2, 2, 2, 2, 2, 2]",-100,-1406,"[-10, -10, -10, -10, -10, -10, -10, -10, -10, -10]","[2, 2, 2, 2, 2, 2, 2, 2, 2, 2]",-100,-1196,"[-1, -1, -1, 10]","[0, 2, 2, 4]",7,-651
"[-10, -10, -10, -10, -10, -10, -10, -10, -10, -10]","[2, 2, 2, 2, 2, 2, 2, 2, 2, 2]",-100,-1270,"[-1, -10, -10, -10, -10, -10, -10, -10, -10, -10]","[0, 1, 1, 1, 1, 1, 1, 1, 1, 1]",-91,-1269,"[-1, -1, -1, 10]","[0, 2, 2, 4]",7,-1399,"[-10, -10, -10, -10, -10, -10, -10, -10, -10, -10]","[2, 2, 2, 2, 2, 2, 2, 2, 2, 2]",-100,-1296,"[-1, -1, -1, -1, 10]","[0, 2, 1, 5, 4]",6,-645
"[-1, -1, -1, 10]","[0, 2, 2, 4]",7,-1263,"[-10, -10, -10, -10, -10, -10, -10, -10, -10, -10]","[2, 2, 2, 2, 2, 2, 2, 2, 2, 2]",-100,-1369,"[-1, -1, -1, 10]","[0, 1, 5, 4]",7,-1392,"[-1, -1, -1, -1, -1, 10]","[0, 2, 2, 1, 5, 4]",5,-1291,"[-10, -10, -10, -10, -10, -10, -10, -10, -10, -10]","[1, 1, 1, 1, 1, 1, 1, 1, 1, 1]",-100,-745
"[-1, -10, -10, -10, -10, -10, -10, -10, -10, -10]","[0, 1, 1, 1, 1, 1, 1, 1, 1, 1]",-91,-1354,"[-10, -10, -10, -10, -10, -10, -10, -10, -10, -10]","[2, 2, 2, 2, 2, 2, 2, 2, 2, 2]",-100,-1469,"[-1, -1, 10]","[0, 2, 4]",8,-1384,"[-1, -1, -1, 10]","[0, 2, 2, 4]",7,-1284,"[-10, -10, -10, -10, -10, -10, -10, -10, -10, -10]","[1, 1, 1, 1, 1, 1, 1, 1, 1, 1]",-100,-845
"[-1, -1, -1, 10]","[0, 2, 2, 4]",7,-1347,"[-10, -10, -10, -10, -10, -10, -10, -10, -10, -10]","[2, 2, 2, 2, 2, 2, 2, 2, 2, 2]",-100,-1569,"[-10, -10, -10, -10, -10, -10, -10, -10, -10, -10]","[2, 2, 2, 2, 2, 2, 2, 2, 2, 2]",-100,-1484,"[-1, -1, 10]","[0, 2, 4]",8,-1276,"[-1, -1, -1, 10]","[0, 2, 2, 4]",7,-838
"[-10, -10, -10, -10, -10, -10, -10, -10, -10, -10]","[2, 2, 2, 2, 2, 2, 2, 2, 2, 2]",-100,-1447,"[-10, -10, -10, -10, -10, -10, -10, -10, -10, -10]","[2, 2, 2, 2, 2, 2, 2, 2, 2, 2]",-100,-1669,"[-1, -1, -1, 10]","[0, 1, 5, 4]",7,-1477,"[-1, -1, -1, -1, -1, 10]","[0, 2, 2, 1, 5, 4]",5,-1271,"[-1, -1, -1, -1, -1, 10]","[0, 2, 2, 1, 5, 4]",5,-833
"[-1, -1, -1, -1, 10]","[0, 2, 1, 5, 4]",6,-1441,"[-10, -10, -10, -10, -10, -10, -10, -10, -10, -10]","[2, 2, 2, 2, 2, 2, 2, 2, 2, 2]",-100,-1769,"[-1, -1, -1, -1, -1, 10]","[0, 2, 2, 1, 5, 4]",5,-1472,"[-1, -1, -1, 10]","[0, 2, 2, 4]",7,-1264,"[-10, -10, -10, -10, -10, -10, -10, -10, -10, -10]","[1, 1, 1, 1, 1, 1, 1, 1, 1, 1]",-100,-933
"[-1, -1, -1, 10]","[0, 1, 5, 4]",7,-1434,"[-1, -1, -1, -1, 10]","[0, 2, 1, 5, 4]",6,-1763,"[-10, -10, -10, -10, -10, -10, -10, -10, -10, -10]","[1, 1, 1, 1, 1, 1, 1, 1, 1, 1]",-100,-1572,"[-1, -1, -1, 10]","[0, 2, 2, 4]",7,-1257,"[-10, -10, -10, -10, -10, -10, -10, -10, -10, -10]","[2, 2, 2, 2, 2, 2, 2, 2, 2, 2]",-100,-1033
"[-1, -10, -10, -10, -10, -10, -10, -10, -10, -10]","[0, 1, 1, 1, 1, 1, 1, 1, 1, 1]",-91,-1525,"[-10, -10, -10, -10, -10, -10, -10, -10, -10, -10]","[2, 2, 2, 2, 2, 2, 2, 2, 2, 2]",-100,-1863,"[-10, -10, -10, -10, -10, -10, -10, -10, -10, -10]","[2, 2, 2, 2, 2, 2, 2, 2, 2, 2]",-100,-1672,"[-10, -10, -10, -10, -10, -10, -10, -10, -10, -10]","[2, 2, 2, 2, 2, 2, 2, 2, 2, 2]",-100,-1357,"[-10, -10, -10, -10, -10, -10, -10, -10, -10, -10]","[2, 2, 2, 2, 2, 2, 2, 2, 2, 2]",-100,-1133
"[-1, -1, 10]","[0, 2, 4]",8,-1517,"[-1, -1, 10]","[0, 2, 4]",8,-1855,"[-1, -1, -1, -1, -1, 10]","[0, 2, 2, 1, 5, 4]",5,-1667,"[-10, -10, -10, -10, -10, -10, -10, -10, -10, -10]","[2, 2, 2, 2, 2, 2, 2, 2, 2, 2]",-100,-1457,"[-1, -1, 10]","[0, 2, 4]",8,-1125
"[-10, -10, -10, -10, -10, -10, -10, -10, -10, -10]","[1, 1, 1, 1, 1, 1, 1, 1, 1, 1]",-100,-1617,"[-1, -1, -1, -1, -1, 10]","[0, 2, 2, 1, 5, 4]",5,-1850,"[-1, -1, 10]","[0, 2, 4]",8,-1659,"[-1, -1, -1, -1, -1, 10]","[0, 2, 2, 1, 5, 4]",5,-1452,"[-10, -10, -10, -10, -10, -10, -10, -10, -10, -10]","[1, 1, 1, 1, 1, 1, 1, 1, 1, 1]",-100,-1225
"[-10, -10, -10, -10, -10, -10, -10, -10, -10, -10]","[2, 2, 2, 2, 2, 2, 2, 2, 2, 2]",-100,-1717,"[-1, -1, 10]","[0, 2, 4]",8,-1842,"[-10, -10, -10, -10, -10, -10, -10, -10, -10, -10]","[1, 1, 1, 1, 1, 1, 1, 1, 1, 1]",-100,-1759,"[-1, -1, -1, -1, 10]","[0, 2, 1, 5, 4]",6,-1446,"[-10, -10, -10, -10, -10, -10, -10, -10, -10, -10]","[2, 2, 2, 2, 2, 2, 2, 2, 2, 2]",-100,-1325
"[-10, -10, -10, -10, -10, -10, -10, -10, -10, -10]","[2, 2, 2, 2, 2, 2, 2, 2, 2, 2]",-100,-1817,"[-1, -1, -1, -1, -1, 10]","[0, 2, 2, 1, 5, 4]",5,-1837,"[-1, -1, -1, -1, 10]","[0, 2, 1, 5, 4]",6,-1753,"[-1, -1, -1, 10]","[0, 2, 2, 4]",7,-1439,"[-10, -10, -10, -10, -10, -10, -10, -10, -10, -10]","[2, 2, 2, 2, 2, 2, 2, 2, 2, 2]",-100,-1425
"[-1, -1, -1, 10]","[0, 1, 5, 4]",7,-1810,"[-10, -10, -10, -10, -10, -10, -10, -10, -10, -10]","[2, 2, 2, 2, 2, 2, 2, 2, 2, 2]",-100,-1937,"[-10, -10, -10, -10, -10, -10, -10, -10, -10, -10]","[2, 2, 2, 2, 2, 2, 2, 2, 2, 2]",-100,-1853,"[-10, -10, -10, -10, -10, -10, -10, -10, -10, -10]","[1, 1, 1, 1, 1, 1, 1, 1, 1, 1]",-100,-1539,"[-10, -10, -10, -10, -10, -10, -10, -10, -10, -10]","[2, 2, 2, 2, 2, 2, 2, 2, 2, 2]",-100,-1525
"[-10, -10, -10, -10, -10, -10, -10, -10, -10, -10]","[2, 2, 2, 2, 2, 2, 2, 2, 2, 2]",-100,-1910,"[-1, -1, -1, -1, 10]","[0, 2, 1, 5, 4]",6,-1931,"[-10, -10, -10, -10, -10, -10, -10, -10, -10, -10]","[1, 1, 1, 1, 1, 1, 1, 1, 1, 1]",-100,-1953,"[-1, -1, -1, -1, 10]","[0, 2, 1, 5, 4]",6,-1533,"[-10, -10, -10, -10, -10, -10, -10, -10, -10, -10]","[2, 2, 2, 2, 2, 2, 2, 2, 2, 2]",-100,-1625
"[-1, -1, -1, 10]","[0, 1, 5, 4]",7,-1903,"[-1, -1, -1, -1, 10]","[0, 2, 1, 5, 4]",6,-1925,"[-1, -1, -1, 10]","[0, 2, 2, 4]",7,-1946,"[-1, -1, 10]","[0, 2, 4]",8,-1525,"[-1, -1, -1, -1, -1, 10]","[0, 2, 2, 1, 5, 4]",5,-1620
"[-1, -1, -1, -1, 10]","[0, 2, 1, 5, 4]",6,-1897,"[-10, -10, -10, -10, -10, -10, -10, -10, -10, -10]","[2, 2, 2, 2, 2, 2, 2, 2, 2, 2]",-100,-2025,"[-10, -10, -10, -10, -10, -10, -10, -10, -10, -10]","[1, 1, 1, 1, 1, 1, 1, 1, 1, 1]",-100,-2046,"[-10, -10, -10, -10, -10, -10, -10, -10, -10, -10]","[2, 2, 2, 2, 2, 2, 2, 2, 2, 2]",-100,-1625,"[-1, -1, 10]","[0, 2, 4]",8,-1612
"[-1, -1, -1, -1, -1, 10]","[0, 2, 2, 1, 5, 4]",5,-1892,"[-10, -10, -10, -10, -10, -10, -10, -10, -10, -10]","[1, 1, 1, 1, 1, 1, 1, 1, 1, 1]",-100,-2125,"[-10, -10, -10, -10, -10, -10, -10, -10, -10, -10]","[2, 2, 2, 2, 2, 2, 2, 2, 2, 2]",-100,-2146,"[-1, -10, -10, -10, -10, -10, -10, -10, -10, -10]","[0, 3, 3, 3, 3, 3, 3, 3, 3, 3]",-91,-1716,"[-10, -10, -10, -10, -10, -10, -10, -10, -10, -10]","[2, 2, 2, 2, 2, 2, 2, 2, 2, 2]",-100,-1712
"[-10, -10, -10, -10, -10, -10, -10, -10, -10, -10]","[2, 2, 2, 2, 2, 2, 2, 2, 2, 2]",-100,-1992,"[-1, -1, 10]","[0, 2, 4]",8,-2117,"[-1, -1, -1, 10]","[0, 1, 5, 4]",7,-2139,"[-1, -1, -1, -1, -1, 10]","[0, 2, 2, 1, 5, 4]",5,-1711,"[-1, -1, -1, 10]","[0, 2, 2, 4]",7,-1705
"[-1, -1, -1, 10]","[0, 1, 5, 4]",7,-1985,"[-10, -10, -10, -10, -10, -10, -10, -10, -10, -10]","[2, 2, 2, 2, 2, 2, 2, 2, 2, 2]",-100,-2217,"[-1, -1, 10]","[0, 2, 4]",8,-2131,"[-10, -10, -10, -10, -10, -10, -10, -10, -10, -10]","[2, 2, 2, 2, 2, 2, 2, 2, 2, 2]",-100,-1811,"[-1, -1, -1, 10]","[0, 2, 2, 4]",7,-1698
"[-1, -1, -1, 10]","[0, 1, 5, 4]",7,-1978,"[-1, -1, 10]","[0, 2, 4]",8,-2209,"[-10, -10, -10, -10, -10, -10, -10, -10, -10, -10]","[1, 1, 1, 1, 1, 1, 1, 1, 1, 1]",-100,-2231,"[-10, -10, -10, -10, -10, -10, -10, -10, -10, -10]","[2, 2, 2, 2, 2, 2, 2, 2, 2, 2]",-100,-1911,"[-1, -1, -1, 10]","[0, 2, 2, 4]",7,-1691
"[-1, -1, -1, 10]","[0, 1, 5, 4]",7,-1971,"[-1, -10, -10, -10, -10, -10, -10, -10, -10, -10]","[0, 1, 1, 1, 1, 1, 1, 1, 1, 1]",-91,-2300,"[-1, -1, -1, 10]","[0, 2, 2, 4]",7,-2224,"[-10, -10, -10, -10, -10, -10, -10, -10, -10, -10]","[2, 2, 2, 2, 2, 2, 2, 2, 2, 2]",-100,-2011,"[-1, -1, -1, -1, 10]","[0, 2, 1, 5, 4]",6,-1685
"[-1, -1, 10]","[0, 2, 4]",8,-1963,"[-1, -1, -1, 10]","[0, 2, 2, 4]",7,-2293,"[-1, -1, 10]","[0, 2, 4]",8,-2216,"[-1, -1, 10]","[0, 2, 4]",8,-2003,"[-1, -1, -1, -1, 10]","[0, 2, 1, 5, 4]",6,-1679
"[-1, -1, 10]","[0, 2, 4]",8,-1955,"[-1, -1, -1, -1, 10]","[0, 2, 1, 5, 4]",6,-2287,"[-10, -10, -10, -10, -10, -10, -10, -10, -10, -10]","[2, 2, 2, 2, 2, 2, 2, 2, 2, 2]",-100,-2316,"[-10, -10, -10, -10, -10, -10, -10, -10, -10, -10]","[2, 2, 2, 2, 2, 2, 2, 2, 2, 2]",-100,-2103,"[-10, -10, -10, -10, -10, -10, -10, -10, -10, -10]","[2, 2, 2, 2, 2, 2, 2, 2, 2, 2]",-100,-1779
"[-1, -1, -1, 10]","[0, 2, 2, 4]",7,-1948,"[-1, -1, 10]","[0, 2, 4]",8,-2279,"[-10, -10, -10, -10, -10, -10, -10, -10, -10, -10]","[1, 1, 1, 1, 1, 1, 1, 1, 1, 1]",-100,-2416,"[-1, -1, -1, 10]","[0, 2, 2, 4]",7,-2096,"[-10, -10, -10, -10, -10, -10, -10, -10, -10, -10]","[2, 2, 2, 2, 2, 2, 2, 2, 2, 2]",-100,-1879
"[-1, -1, -1, 10]","[0, 2, 2, 4]",7,-1941,"[-1, -1, -1, 10]","[0, 2, 2, 4]",7,-2272,"[-1, -1, -1, 10]","[0, 2, 2, 4]",7,-2409,"[-10, -10, -10, -10, -10, -10, -10, -10, -10, -10]","[1, 1, 1, 1, 1, 1, 1, 1, 1, 1]",-100,-2196,"[-1, -1, -1, -1, -1, 10]","[0, 2, 2, 1, 5, 4]",5,-1874
"[-1, -1, 10]","[0, 2, 4]",8,-1933,"[-10, -10, -10, -10, -10, -10, -10, -10, -10, -10]","[2, 2, 2, 2, 2, 2, 2, 2, 2, 2]",-100,-2372,"[-10, -10, -10, -10, -10, -10, -10, -10, -10, -10]","[2, 2, 2, 2, 2, 2, 2, 2, 2, 2]",-100,-2509,"[-1, -1, -1, 10]","[0, 2, 2, 4]",7,-2189,"[-10, -10, -10, -10, -10, -10, -10, -10, -10, -10]","[2, 2, 2, 2, 2, 2, 2, 2, 2, 2]",-100,-1974
"[-1, -1, -1, 10]","[0, 1, 5, 4]",7,-1926,"[-10, -10, -10, -10, -10, -10, -10, -10, -10, -10]","[2, 2, 2, 2, 2, 2, 2, 2, 2, 2]",-100,-2472,"[-10, -10, -10, -10, -10, -10, -10, -10, -10, -10]","[2, 2, 2, 2, 2, 2, 2, 2, 2, 2]",-100,-2609,"[-1, -1, -1, -1, 10]","[0, 2, 1, 5, 4]",6,-2183,"[-1, -1, -1, 10]","[0, 2, 2, 4]",7,-1967
"[-10, -10, -10, -10, -10, -10, -10, -10, -10, -10]","[2, 2, 2, 2, 2, 2, 2, 2, 2, 2]",-100,-2026,"[-1, -1, -1, -1, 10]","[0, 2, 1, 5, 4]",6,-2466,"[-1, -1, -1, -1, 10]","[0, 2, 1, 5, 4]",6,-2603,"[-10, -10, -10, -10, -10, -10, -10, -10, -10, -10]","[2, 2, 2, 2, 2, 2, 2, 2, 2, 2]",-100,-2283,"[-1, -1, -1, -1, 10]","[0, 2, 1, 5, 4]",6,-1961
"[-10, -10, -10, -10, -10, -10, -10, -10, -10, -10]","[2, 2, 2, 2, 2, 2, 2, 2, 2, 2]",-100,-2126,"[-1, -1, 10]","[0, 2, 4]",8,-2458,"[-1, -1, 10]","[0, 2, 4]",8,-2595,"[-1, -1, -1, -1, -1, 10]","[0, 2, 2, 1, 5, 4]",5,-2278,"[-10, -10, -10, -10, -10, -10, -10, -10, -10, -10]","[2, 2, 2, 2, 2, 2, 2, 2, 2, 2]",-100,-2061
"[-1, -1, -1, 10]","[0, 2, 2, 4]",7,-2119,"[-1, -1, 10]","[0, 2, 4]",8,-2450,"[-1, -1, -1, 10]","[0, 2, 2, 4]",7,-2588,"[-1, -1, -1, -1, 10]","[0, 2, 1, 5, 4]",6,-2272,"[-1, -10, -10, -10, -10, -10, -10, -10, -10, -10]","[0, 1, 1, 1, 1, 1, 1, 1, 1, 1]",-91,-2152
"[-10, -10, -10, -10, -10, -10, -10, -10, -10, -10]","[2, 2, 2, 2, 2, 2, 2, 2, 2, 2]",-100,-2219,"[-10, -10, -10, -10, -10, -10, -10, -10, -10, -10]","[1, 1, 1, 1, 1, 1, 1, 1, 1, 1]",-100,-2550,"[-10, -10, -10, -10, -10, -10, -10, -10, -10, -10]","[1, 1, 1, 1, 1, 1, 1, 1, 1, 1]",-100,-2688,"[-1, -1, -1, -1, -1, 10]","[0, 2, 2, 1, 5, 4]",5,-2267,"[-10, -10, -10, -10, -10, -10, -10, -10, -10, -10]","[2, 2, 2, 2, 2, 2, 2, 2, 2, 2]",-100,-2252
"[-1, -1, 10]","[0, 2, 4]",8,-2211,"[-1, -1, 10]","[0, 2, 4]",8,-2542,"[-1, -1, -1, 10]","[0, 2, 2, 4]",7,-2681,"[-10, -10, -10, -10, -10, -10, -10, -10, -10, -10]","[1, 1, 1, 1, 1, 1, 1, 1, 1, 1]",-100,-2367,"[-1, -1, 10]","[0, 2, 4]",8,-2244
"[-10, -10, -10, -10, -10, -10, -10, -10, -10, -10]","[2, 2, 2, 2, 2, 2, 2, 2, 2, 2]",-100,-2311,"[-10, -10, -10, -10, -10, -10, -10, -10, -10, -10]","[2, 2, 2, 2, 2, 2, 2, 2, 2, 2]",-100,-2642,"[-10, -10, -10, -10, -10, -10, -10, -10, -10, -10]","[2, 2, 2, 2, 2, 2, 2, 2, 2, 2]",-100,-2781,"[-1, -1, -1, 10]","[0, 2, 2, 4]",7,-2360,"[-1, -1, -1, 10]","[0, 2, 2, 4]",7,-2237
"[-1, -1, -1, 10]","[0, 2, 2, 4]",7,-2304,"[-10, -10, -10, -10, -10, -10, -10, -10, -10, -10]","[2, 2, 2, 2, 2, 2, 2, 2, 2, 2]",-100,-2742,"[-10, -10, -10, -10, -10, -10, -10, -10, -10, -10]","[1, 1, 1, 1, 1, 1, 1, 1, 1, 1]",-100,-2881,"[-10, -10, -10, -10, -10, -10, -10, -10, -10, -10]","[2, 2, 2, 2, 2, 2, 2, 2, 2, 2]",-100,-2460,"[-10, -10, -10, -10, -10, -10, -10, -10, -10, -10]","[2, 2, 2, 2, 2, 2, 2, 2, 2, 2]",-100,-2337
"[-1, -1, -1, -1, -1, 10]","[0, 2, 2, 1, 5, 4]",5,-2299,"[-1, -1, -1, -1, -1, 10]","[0, 2, 2, 1, 5, 4]",5,-2737,"[-1, -1, -1, -1, 10]","[0, 2, 1, 5, 4]",6,-2875,"[-1, -1, 10]","[0, 2, 4]",8,-2452,"[-1, -1, 10]","[0, 2, 4]",8,-2329
"[-10, -10, -10, -10, -10, -10, -10, -10, -10, -10]","[1, 1, 1, 1, 1, 1, 1, 1, 1, 1]",-100,-2399,"[-1, -1, -1, 10]","[0, 2, 2, 4]",7,-2730,"[-10, -10, -10, -10, -10, -10, -10, -10, -10, -10]","[2, 2, 2, 2, 2, 2, 2, 2, 2, 2]",-100,-2975,"[-1, -1, 10]","[0, 2, 4]",8,-2444,"[-10, -10, -10, -10, -10, -10, -10, -10, -10, -10]","[2, 2, 2, 2, 2, 2, 2, 2, 2, 2]",-100,-2429
"[-1, -10, -10, -10, -10, -10, -10, -10, -10, -10]","[0, 3, 3, 3, 3, 3, 3, 3, 3, 3]",-91,-2490,"[-1, -1, -1, -1, -1, 10]","[0, 2, 2, 1, 5, 4]",5,-2725,"[-10, -10, -10, -10, -10, -10, -10, -10, -10, -10]","[2, 2, 2, 2, 2, 2, 2, 2, 2, 2]",-100,-3075,"[-1, -10, -10, -10, -10, -10, -10, -10, -10, -10]","[0, 1, 1, 1, 1, 1, 1, 1, 1, 1]",-91,-2535,"[-1, -1, 10]","[0, 2, 4]",8,-2421
"[-1, -10, -10, -10, -10, -10, -10, -10, -10, -10]","[0, 1, 1, 1, 1, 1, 1, 1, 1, 1]",-91,-2581,"[-10, -10, -10, -10, -10, -10, -10, -10, -10, -10]","[1, 1, 1, 1, 1, 1, 1, 1, 1, 1]",-100,-2825,"[-10, -10, -10, -10, -10, -10, -10, -10, -10, -10]","[2, 2, 2, 2, 2, 2, 2, 2, 2, 2]",-100,-3175,"[-1, -1, -1, 10]","[0, 2, 2, 4]",7,-2528,"[-10, -10, -10, -10, -10, -10, -10, -10, -10, -10]","[2, 2, 2, 2, 2, 2, 2, 2, 2, 2]",-100,-2521
"[-10, -10, -10, -10, -10, -10, -10, -10, -10, -10]","[2, 2, 2, 2, 2, 2, 2, 2, 2, 2]",-100,-2681,"[-10, -10, -10, -10, -10, -10, -10, -10, -10, -10]","[2, 2, 2, 2, 2, 2, 2, 2, 2, 2]",-100,-2925,"[-1, -1, -1, 10]","[0, 2, 2, 4]",7,-3168,"[-10, -10, -10, -10, -10, -10, -10, -10, -10, -10]","[2, 2, 2, 2, 2, 2, 2, 2, 2, 2]",-100,-2628,"[-1, -1, -1, 10]","[0, 1, 5, 4]",7,-2514
"[-10, -10, -10, -10, -10, -10, -10, -10, -10, -10]","[2, 2, 2, 2, 2, 2, 2, 2, 2, 2]",-100,-2781,"[-1, -1, -1, -1, -1, 10]","[0, 2, 2, 1, 5, 4]",5,-2920,"[-1, -1, 10]","[0, 2, 4]",8,-3160,"[-1, -1, -1, -1, -1, 10]","[0, 2, 2, 1, 5, 4]",5,-2623,"[-10, -10, -10, -10, -10, -10, -10, -10, -10, -10]","[2, 2, 2, 2, 2, 2, 2, 2, 2, 2]",-100,-2614
"[-1, -1, -1, -1, 10]","[0, 2, 1, 5, 4]",6,-2775,"[-1, -10, -10, -10, -10, -10, -10, -10, -10, -10]","[0, 1, 1, 1, 1, 1, 1, 1, 1, 1]",-91,-3011,"[-1, -1, -1, 10]","[0, 2, 2, 4]",7,-3153,"[-1, -1, -1, 10]","[0, 2, 2, 4]",7,-2616,"[-10, -10, -10, -10, -10, -10, -10, -10, -10, -10]","[2, 2, 2, 2, 2, 2, 2, 2, 2, 2]",-100,-2714
"[-10, -10, -10, -10, -10, -10, -10, -10, -10, -10]","[2, 2, 2, 2, 2, 2, 2, 2, 2, 2]",-100,-2875,"[-1, -1, -1, 10]","[0, 2, 2, 4]",7,-3004,"[-10, -10, -10, -10, -10, -10, -10, -10, -10, -10]","[2, 2, 2, 2, 2, 2, 2, 2, 2, 2]",-100,-3253,"[-1, -1, 10]","[0, 2, 4]",8,-2608,"[-1, -1, 10]","[0, 2, 4]",8,-2706
"[-1, -1, -1, 10]","[0, 1, 5, 4]",7,-2868,"[-10, -10, -10, -10, -10, -10, -10, -10, -10, -10]","[2, 2, 2, 2, 2, 2, 2, 2, 2, 2]",-100,-3104,"[-10, -10, -10, -10, -10, -10, -10, -10, -10, -10]","[2, 2, 2, 2, 2, 2, 2, 2, 2, 2]",-100,-3353,"[-10, -10, -10, -10, -10, -10, -10, -10, -10, -10]","[2, 2, 2, 2, 2, 2, 2, 2, 2, 2]",-100,-2708,"[-10, -10, -10, -10, -10, -10, -10, -10, -10, -10]","[2, 2, 2, 2, 2, 2, 2, 2, 2, 2]",-100,-2806
"[-1, -1, 10]","[0, 2, 4]",8,-2860,"[-1, -1, -1, -1, 10]","[0, 2, 1, 5, 4]",6,-3098,"[-10, -10, -10, -10, -10, -10, -10, -10, -10, -10]","[1, 1, 1, 1, 1, 1, 1, 1, 1, 1]",-100,-3453,"[-10, -10, -10, -10, -10, -10, -10, -10, -10, -10]","[2, 2, 2, 2, 2, 2, 2, 2, 2, 2]",-100,-2808,"[-10, -10, -10, -10, -10, -10, -10, -10, -10, -10]","[2, 2, 2, 2, 2, 2, 2, 2, 2, 2]",-100,-2906
"[-1, -1, -1, 10]","[0, 2, 2, 4]",7,-2853,"[-1, -1, -1, 10]","[0, 1, 5, 4]",7,-3091,"[-1, -10, -10, -10, -10, -10, -10, -10, -10, -10]","[0, 3, 3, 3, 3, 3, 3, 3, 3, 3]",-91,-3544,"[-10, -10, -10, -10, -10, -10, -10, -10, -10, -10]","[1, 1, 1, 1, 1, 1, 1, 1, 1, 1]",-100,-2908,"[-10, -10, -10, -10, -10, -10, -10, -10, -10, -10]","[2, 2, 2, 2, 2, 2, 2, 2, 2, 2]",-100,-3006
"[-1, -10, -10, -10, -10, -10, -10, -10, -10, -10]","[0, 1, 1, 1, 1, 1, 1, 1, 1, 1]",-91,-2944,"[-10, -10, -10, -10, -10, -10, -10, -10, -10, -10]","[2, 2, 2, 2, 2, 2, 2, 2, 2, 2]",-100,-3191,"[-1, -1, -1, 10]","[0, 1, 5, 4]",7,-3537,"[-10, -10, -10, -10, -10, -10, -10, -10, -10, -10]","[2, 2, 2, 2, 2, 2, 2, 2, 2, 2]",-100,-3008,"[-1, -1, -1, -1, -1, 10]","[0, 2, 2, 1, 5, 4]",5,-3001
"[-1, -1, -1, 10]","[0, 1, 5, 4]",7,-2937,"[-1, -1, 10]","[0, 2, 4]",8,-3183,"[-1, -1, -1, -1, -1, 10]","[0, 2, 2, 1, 5, 4]",5,-3532,"[-1, -1, 10]","[0, 2, 4]",8,-3000,"[-10, -10, -10, -10, -10, -10, -10, -10, -10, -10]","[1, 1, 1, 1, 1, 1, 1, 1, 1, 1]",-100,-3101
"[-10, -10, -10, -10, -10, -10, -10, -10, -10, -10]","[2, 2, 2, 2, 2, 2, 2, 2, 2, 2]",-100,-3037,"[-1, -10, -10, -10, -10, -10, -10, -10, -10, -10]","[0, 1, 1, 1, 1, 1, 1, 1, 1, 1]",-91,-3274,"[-10, -10, -10, -10, -10, -10, -10, -10, -10, -10]","[2, 2, 2, 2, 2, 2, 2, 2, 2, 2]",-100,-3632,"[-10, -10, -10, -10, -10, -10, -10, -10, -10, -10]","[2, 2, 2, 2, 2, 2, 2, 2, 2, 2]",-100,-3100,"[-1, -1, -1, 10]","[0, 2, 2, 4]",7,-3094
"[-10, -10, -10, -10, -10, -10, -10, -10, -10, -10]","[2, 2, 2, 2, 2, 2, 2, 2, 2, 2]",-100,-3137,"[-1, -1, 10]","[0, 2, 4]",8,-3266,"[-1, -1, -1, 10]","[0, 2, 2, 4]",7,-3625,"[-10, -10, -10, -10, -10, -10, -10, -10, -10, -10]","[2, 2, 2, 2, 2, 2, 2, 2, 2, 2]",-100,-3200,"[-10, -10, -10, -10, -10, -10, -10, -10, -10, -10]","[2, 2, 2, 2, 2, 2, 2, 2, 2, 2]",-100,-3194
"[-1, -1, -1, 10]","[0, 2, 2, 4]",7,-3130,"[-1, -1, -1, -1, -1, 10]","[0, 2, 2, 1, 5, 4]",5,-3261,"[-1, -1, 10]","[0, 2, 4]",8,-3617,"[-1, -1, 10]","[0, 2, 4]",8,-3192,"[-1, -1, -1, -1, -1, 10]","[0, 2, 2, 1, 5, 4]",5,-3189
"[-1, -1, -1, 10]","[0, 2, 2, 4]",7,-3123,"[-1, -1, 10]","[0, 2, 4]",8,-3253,"[-1, -10, -10, -10, -10, -10, -10, -10, -10, -10]","[0, 3, 3, 3, 3, 3, 3, 3, 3, 3]",-91,-3708,"[-10, -10, -10, -10, -10, -10, -10, -10, -10, -10]","[2, 2, 2, 2, 2, 2, 2, 2, 2, 2]",-100,-3292,"[-10, -10, -10, -10, -10, -10, -10, -10, -10, -10]","[2, 2, 2, 2, 2, 2, 2, 2, 2, 2]",-100,-3289
"[-1, -1, -1, -1, -1, 10]","[0, 2, 2, 1, 5, 4]",5,-3118,"[-1, -1, -1, -1, -1, 10]","[0, 2, 2, 1, 5, 4]",5,-3248,"[-10, -10, -10, -10, -10, -10, -10, -10, -10, -10]","[1, 1, 1, 1, 1, 1, 1, 1, 1, 1]",-100,-3808,"[-10, -10, -10, -10, -10, -10, -10, -10, -10, -10]","[1, 1, 1, 1, 1, 1, 1, 1, 1, 1]",-100,-3392,"[-1, -1, -1, 10]","[0, 2, 2, 4]",7,-3282
"[-1, -1, -1, 10]","[0, 2, 2, 4]",7,-3111,"[-10, -10, -10, -10, -10, -10, -10, -10, -10, -10]","[1, 1, 1, 1, 1, 1, 1, 1, 1, 1]",-100,-3348,"[-1, -1, -1, -1, 10]","[0, 2, 1, 5, 4]",6,-3802,"[-10, -10, -10, -10, -10, -10, -10, -10, -10, -10]","[1, 1, 1, 1, 1, 1, 1, 1, 1, 1]",-100,-3492,"[-1, -1, 10]","[0, 2, 4]",8,-3274
"[-1, -1, 10]","[0, 2, 4]",8,-3103,"[-1, -1, -1, -1, 10]","[0, 2, 1, 5, 4]",6,-3342,"[-1, -1, -1, 10]","[0, 1, 5, 4]",7,-3795,"[-10, -10, -10, -10, -10, -10, -10, -10, -10, -10]","[2, 2, 2, 2, 2, 2, 2, 2, 2, 2]",-100,-3592,"[-1, -1, -1, -1, 10]","[0, 2, 1, 5, 4]",6,-3268
"[-1, -1, -1, 10]","[0, 2, 2, 4]",7,-3096,"[-10, -10, -10, -10, -10, -10, -10, -10, -10, -10]","[2, 2, 2, 2, 2, 2, 2, 2, 2, 2]",-100,-3442,"[-1, -1, 10]","[0, 2, 4]",8,-3787,"[-1, -1, -1, 10]","[0, 2, 2, 4]",7,-3585,"[-1, -1, -1, -1, 10]","[0, 2, 1, 5, 4]",6,-3262
"[-1, -1, -1, 10]","[0, 2, 2, 4]",7,-3089,"[-10, -10, -10, -10, -10, -10, -10, -10, -10, -10]","[1, 1, 1, 1, 1, 1, 1, 1, 1, 1]",-100,-3542,"[-10, -10, -10, -10, -10, -10, -10, -10, -10, -10]","[2, 2, 2, 2, 2, 2, 2, 2, 2, 2]",-100,-3887,"[-1, -1, -1, 10]","[0, 2, 2, 4]",7,-3578,"[-1, -1, -1, -1, -1, 10]","[0, 2, 2, 1, 5, 4]",5,-3257
"[-1, -10, -10, -10, -10, -10, -10, -10, -10, -10]","[0, 3, 3, 3, 3, 3, 3, 3, 3, 3]",-91,-3180,"[-1, -1, -1, 10]","[0, 2, 2, 4]",7,-3535,"[-1, -1, -1, 10]","[0, 2, 2, 4]",7,-3880,"[-1, -1, -1, 10]","[0, 2, 2, 4]",7,-3571,"[-1, -1, 10]","[0, 2, 4]",8,-3249
"[-10, -10, -10, -10, -10, -10, -10, -10, -10, -10]","[2, 2, 2, 2, 2, 2, 2, 2, 2, 2]",-100,-3280,"[-1, -1, -1, 10]","[0, 2, 2, 4]",7,-3528,"[-10, -10, -10, -10, -10, -10, -10, -10, -10, -10]","[2, 2, 2, 2, 2, 2, 2, 2, 2, 2]",-100,-3980,"[-1, -1, -1, 10]","[0, 2, 2, 4]",7,-3564,"[-1, -1, -1, -1, -1, 10]","[0, 2, 2, 1, 5, 4]",5,-3244
"[-1, -1, -1, 10]","[0, 2, 2, 4]",7,-3273,"[-10, -10, -10, -10, -10, -10, -10, -10, -10, -10]","[2, 2, 2, 2, 2, 2, 2, 2, 2, 2]",-100,-3628,"[-1, -1, 10]","[0, 2, 4]",8,-3972,"[-10, -10, -10, -10, -10, -10, -10, -10, -10, -10]","[2, 2, 2, 2, 2, 2, 2, 2, 2, 2]",-100,-3664,"[-1, -1, 10]","[0, 2, 4]",8,-3236
"[-1, -1, 10]","[0, 2, 4]",8,-3265,"[-1, -1, -1, 10]","[0, 2, 2, 4]",7,-3621,"[-10, -10, -10, -10, -10, -10, -10, -10, -10, -10]","[2, 2, 2, 2, 2, 2, 2, 2, 2, 2]",-100,-4072,"[-1, -1, 10]","[0, 2, 4]",8,-3656,"[-1, -1, -1, -1, 10]","[0, 2, 1, 5, 4]",6,-3230
"[-1, -1, 10]","[0, 2, 4]",8,-3257,"[-1, -1, -1, 10]","[0, 2, 2, 4]",7,-3614,"[-10, -10, -10, -10, -10, -10, -10, -10, -10, -10]","[1, 1, 1, 1, 1, 1, 1, 1, 1, 1]",-100,-4172,"[-1, -1, -1, 10]","[0, 1, 5, 4]",7,-3649,"[-1, -1, -1, -1, -1, 10]","[0, 2, 2, 1, 5, 4]",5,-3225
"[-10, -10, -10, -10, -10, -10, -10, -10, -10, -10]","[2, 2, 2, 2, 2, 2, 2, 2, 2, 2]",-100,-3357,"[-10, -10, -10, -10, -10, -10, -10, -10, -10, -10]","[2, 2, 2, 2, 2, 2, 2, 2, 2, 2]",-100,-3714,"[-1, -1, -1, -1, 10]","[0, 2, 1, 5, 4]",6,-4166,"[-10, -10, -10, -10, -10, -10, -10, -10, -10, -10]","[2, 2, 2, 2, 2, 2, 2, 2, 2, 2]",-100,-3749,"[-10, -10, -10, -10, -10, -10, -10, -10, -10, -10]","[2, 2, 2, 2, 2, 2, 2, 2, 2, 2]",-100,-3325
"[-1, -1, -1, -1, -1, 10]","[0, 2, 2, 1, 5, 4]",5,-3352,"[-10, -10, -10, -10, -10, -10, -10, -10, -10, -10]","[1, 1, 1, 1, 1, 1, 1, 1, 1, 1]",-100,-3814,"[-1, -1, 10]","[0, 2, 4]",8,-4158,"[-1, -1, -1, -1, -1, 10]","[0, 2, 2, 1, 5, 4]",5,-3744,"[-1, -10, -10, -10, -10, -10, -10, -10, -10, -10]","[0, 3, 3, 3, 3, 3, 3, 3, 3, 3]",-91,-3416
"[-1, -1, -1, 10]","[0, 2, 2, 4]",7,-3345,"[-10, -10, -10, -10, -10, -10, -10, -10, -10, -10]","[2, 2, 2, 2, 2, 2, 2, 2, 2, 2]",-100,-3914,"[-10, -10, -10, -10, -10, -10, -10, -10, -10, -10]","[1, 1, 1, 1, 1, 1, 1, 1, 1, 1]",-100,-4258,"[-1, -1, 10]","[0, 2, 4]",8,-3736,"[-1, -1, -1, -1, -1, 10]","[0, 2, 2, 1, 5, 4]",5,-3411
"[-10, -10, -10, -10, -10, -10, -10, -10, -10, -10]","[1, 1, 1, 1, 1, 1, 1, 1, 1, 1]",-100,-3445,"[-10, -10, -10, -10, -10, -10, -10, -10, -10, -10]","[1, 1, 1, 1, 1, 1, 1, 1, 1, 1]",-100,-4014,"[-1, -10, -10, -10, -10, -10, -10, -10, -10, -10]","[0, 1, 1, 1, 1, 1, 1, 1, 1, 1]",-91,-4349,"[-10, -10, -10, -10, -10, -10, -10, -10, -10, -10]","[2, 2, 2, 2, 2, 2, 2, 2, 2, 2]",-100,-3836,"[-1, -1, -1, -1, 10]","[0, 2, 1, 5, 4]",6,-3405
"[-1, -1, 10]","[0, 2, 4]",8,-3437,"[-1, -1, 10]","[0, 2, 4]",8,-4006,"[-1, -1, -1, 10]","[0, 2, 2, 4]",7,-4342,"[-10, -10, -10, -10, -10, -10, -10, -10, -10, -10]","[1, 1, 1, 1, 1, 1, 1, 1, 1, 1]",-100,-3936,"[-10, -10, -10, -10, -10, -10, -10, -10, -10, -10]","[2, 2, 2, 2, 2, 2, 2, 2, 2, 2]",-100,-3505
"[-1, -1, -1, -1, 10]","[0, 2, 1, 5, 4]",6,-3431,"[-1, -1, 10]","[0, 2, 4]",8,-3998,"[-10, -10, -10, -10, -10, -10, -10, -10, -10, -10]","[1, 1, 1, 1, 1, 1, 1, 1, 1, 1]",-100,-4442,"[-10, -10, -10, -10, -10, -10, -10, -10, -10, -10]","[1, 1, 1, 1, 1, 1, 1, 1, 1, 1]",-100,-4036,"[-1, -10, -10, -10, -10, -10, -10, -10, -10, -10]","[0, 1, 1, 1, 1, 1, 1, 1, 1, 1]",-91,-3596
"[-1, -1, 10]","[0, 2, 4]",8,-3423,"[-10, -10, -10, -10, -10, -10, -10, -10, -10, -10]","[1, 1, 1, 1, 1, 1, 1, 1, 1, 1]",-100,-4098,"[-1, -1, 10]","[0, 2, 4]",8,-4434,"[-10, -10, -10, -10, -10, -10, -10, -10, -10, -10]","[2, 2, 2, 2, 2, 2, 2, 2, 2, 2]",-100,-4136,"[-1, -1, -1, 10]","[0, 1, 5, 4]",7,-3589
"[-10, -10, -10, -10, -10, -10, -10, -10, -10, -10]","[2, 2, 2, 2, 2, 2, 2, 2, 2, 2]",-100,-3523,"[-1, -1, 10]","[0, 2, 4]",8,-4090,"[-1, -10, -10, -10, -10, -10, -10, -10, -10, -10]","[0, 3, 3, 3, 3, 3, 3, 3, 3, 3]",-91,-4525,"[-1, -1, -1, 10]","[0, 2, 2, 4]",7,-4129,"[-1, -1, 10]","[0, 2, 4]",8,-3581
"[-1, -1, -1, -1, 10]","[0, 2, 1, 5, 4]",6,-3517,"[-1, -1, -1, -1, 10]","[0, 2, 1, 5, 4]",6,-4084,"[-10, -10, -10, -10, -10, -10, -10, -10, -10, -10]","[1, 1, 1, 1, 1, 1, 1, 1, 1, 1]",-100,-4625,"[-1, -10, -10, -10, -10, -10, -10, -10, -10, -10]","[0, 3, 3, 3, 3, 3, 3, 3, 3, 3]",-91,-4220,"[-1, -1, -1, -1, 10]","[0, 2, 1, 5, 4]",6,-3575
"[-1, -1, 10]","[0, 2, 4]",8,-3509,"[-10, -10, -10, -10, -10, -10, -10, -10, -10, -10]","[2, 2, 2, 2, 2, 2, 2, 2, 2, 2]",-100,-4184,"[-10, -10, -10, -10, -10, -10, -10, -10, -10, -10]","[1, 1, 1, 1, 1, 1, 1, 1, 1, 1]",-100,-4725,"[-10, -10, -10, -10, -10, -10, -10, -10, -10, -10]","[2, 2, 2, 2, 2, 2, 2, 2, 2, 2]",-100,-4320,"[-10, -10, -10, -10, -10, -10, -10, -10, -10, -10]","[2, 2, 2, 2, 2, 2, 2, 2, 2, 2]",-100,-3675
"[-10, -10, -10, -10, -10, -10, -10, -10, -10, -10]","[2, 2, 2, 2, 2, 2, 2, 2, 2, 2]",-100,-3609,"[-10, -10, -10, -10, -10, -10, -10, -10, -10, -10]","[2, 2, 2, 2, 2, 2, 2, 2, 2, 2]",-100,-4284,"[-1, -1, -1, 10]","[0, 2, 2, 4]",7,-4718,"[-10, -10, -10, -10, -10, -10, -10, -10, -10, -10]","[2, 2, 2, 2, 2, 2, 2, 2, 2, 2]",-100,-4420,"[-1, -1, -1, 10]","[0, 2, 2, 4]",7,-3668
"[-1, -1, -1, 10]","[0, 2, 2, 4]",7,-3602,"[-1, -1, -1, -1, 10]","[0, 2, 1, 5, 4]",6,-4278,"[-10, -10, -10, -10, -10, -10, -10, -10, -10, -10]","[2, 2, 2, 2, 2, 2, 2, 2, 2, 2]",-100,-4818,"[-10, -10, -10, -10, -10, -10, -10, -10, -10, -10]","[2, 2, 2, 2, 2, 2, 2, 2, 2, 2]",-100,-4520,"[-1, -1, -1, 10]","[0, 1, 5, 4]",7,-3661
