0,1,2,3,4,5,6,7,8,9,10,11,12,13,14,15,16,17,18,19
"[-1, -1, -1, -1, 10]","[0, 2, 1, 5, 4]",6,6,"[-1, -1, 10]","[0, 2, 4]",8,8,"[-1, -1, 10]","[0, 2, 4]",8,8,"[-10, -10, -10, -10, -10, -10, -10, -10, -10, -10]","[2, 2, 2, 2, 2, 2, 2, 2, 2, 2]",-100,-100,"[-1, -1, 10]","[0, 2, 4]",8,8
"[-1, -10, -10, -10, -10, -10, -10, -10, -10, -10]","[0, 1, 1, 1, 1, 1, 1, 1, 1, 1]",-91,-85,"[-10, -10, -10, -10, -10, -10, -10, -10, -10, -10]","[3, 3, 3, 3, 3, 3, 3, 3, 3, 3]",-100,-92,"[-10, -10, -10, -10, -10, -10, -10, -10, -10, -10]","[2, 2, 2, 2, 2, 2, 2, 2, 2, 2]",-100,-92,"[-1, -1, -1, -1, 10]","[0, 3, 1, 5, 4]",6,-94,"[-1, -1, -1, 10]","[0, 2, 2, 4]",7,15
"[-1, -10, -10, -10, -10, -10, -10, -10, -10, -10]","[0, 0, 0, 0, 0, 0, 0, 0, 0, 0]",-91,-176,"[-1, -1, -1, -1, 10]","[0, 3, 1, 5, 4]",6,-86,"[-1, -10, -10, -10, -10, -10, -10, -10, -10, -10]","[0, 0, 0, 0, 0, 0, 0, 0, 0, 0]",-91,-183,"[-1, -10, -10, -10, -10, -10, -10, -10, -10, -10]","[0, 0, 0, 0, 0, 0, 0, 0, 0, 0]",-91,-185,"[-1, -1, 10]","[0, 2, 4]",8,23
"[-1, -1, -1, -1, -1, 10]","[0, 2, 2, 1, 5, 4]",5,-171,"[-10, -10, -10, -10, -10, -10, -10, -10, -10, -10]","[3, 3, 3, 3, 3, 3, 3, 3, 3, 3]",-100,-186,"[-1, -1, -1, -1, -1, 10]","[0, 2, 2, 1, 5, 4]",5,-178,"[-1, -10, -10, -10, -10, -10, -10, -10, -10, -10]","[0, 1, 1, 1, 1, 1, 1, 1, 1, 1]",-91,-276,"[-1, -1, -1, -1, 10]","[0, 2, 1, 5, 4]",6,29
"[-1, -1, 10]","[0, 2, 4]",8,-163,"[-1, -1, -1, 10]","[0, 2, 2, 4]",7,-179,"[-10, -10, -10, -10, -10, -10, -10, -10, -10, -10]","[2, 2, 2, 2, 2, 2, 2, 2, 2, 2]",-100,-278,"[-10, -10, -10, -10, -10, -10, -10, -10, -10, -10]","[3, 3, 3, 3, 3, 3, 3, 3, 3, 3]",-100,-376,"[-1, -10, -10, -10, -10, -10, -10, -10, -10, -10]","[0, 1, 1, 1, 1, 1, 1, 1, 1, 1]",-91,-62
"[-1, -1, -1, -1, 10]","[0, 2, 1, 5, 4]",6,-157,"[-1, -1, -1, 10]","[0, 2, 2, 4]",7,-172,"[-10, -10, -10, -10, -10, -10, -10, -10, -10, -10]","[2, 2, 2, 2, 2, 2, 2, 2, 2, 2]",-100,-378,"[-1, -10, -10, -10, -10, -10, -10, -10, -10, -10]","[0, 1, 1, 1, 1, 1, 1, 1, 1, 1]",-91,-467,"[-1, -1, 10]","[0, 2, 4]",8,-54
"[-1, -1, 10]","[0, 2, 4]",8,-149,"[-1, -1, -1, 10]","[0, 1, 5, 4]",7,-165,"[-1, -1, 10]","[0, 2, 4]",8,-370,"[-10, -10, -10, -10, -10, -10, -10, -10, -10, -10]","[2, 2, 2, 2, 2, 2, 2, 2, 2, 2]",-100,-567,"[-1, -1, 10]","[0, 2, 4]",8,-46
"[-10, -10, -10, -10, -10, -10, -10, -10, -10, -10]","[2, 2, 2, 2, 2, 2, 2, 2, 2, 2]",-100,-249,"[-10, -10, -10, -10, -10, -10, -10, -10, -10, -10]","[3, 3, 3, 3, 3, 3, 3, 3, 3, 3]",-100,-265,"[-1, -10, -10, -10, -10, -10, -10, -10, -10, -10]","[0, 0, 0, 0, 0, 0, 0, 0, 0, 0]",-91,-461,"[-1, -1, 10]","[0, 2, 4]",8,-559,"[-1, -10, -10, -10, -10, -10, -10, -10, -10, -10]","[0, 1, 1, 1, 1, 1, 1, 1, 1, 1]",-91,-137
"[-1, -1, 10]","[0, 2, 4]",8,-241,"[-1, -10, -10, -10, -10, -10, -10, -10, -10, -10]","[0, 0, 0, 0, 0, 0, 0, 0, 0, 0]",-91,-356,"[-1, -1, -1, -1, 10]","[0, 2, 1, 5, 4]",6,-455,"[-1, -1, 10]","[0, 2, 4]",8,-551,"[-1, -1, 10]","[0, 2, 4]",8,-129
"[-10, -10, -10, -10, -10, -10, -10, -10, -10, -10]","[2, 2, 2, 2, 2, 2, 2, 2, 2, 2]",-100,-341,"[-1, -1, 10]","[0, 2, 4]",8,-348,"[-10, -10, -10, -10, -10, -10, -10, -10, -10, -10]","[3, 3, 3, 3, 3, 3, 3, 3, 3, 3]",-100,-555,"[-1, -1, -1, 10]","[0, 2, 2, 4]",7,-544,"[-1, -1, -1, 10]","[0, 2, 2, 4]",7,-122
"[-1, -1, -1, 10]","[0, 2, 2, 4]",7,-334,"[-1, -1, 10]","[0, 2, 4]",8,-340,"[-1, -1, 10]","[0, 2, 4]",8,-547,"[-1, -1, 10]","[0, 2, 4]",8,-536,"[-1, -1, 10]","[0, 2, 4]",8,-114
"[-10, -10, -10, -10, -10, -10, -10, -10, -10, -10]","[3, 3, 3, 3, 3, 3, 3, 3, 3, 3]",-100,-434,"[-1, -1, -1, -1, -1, 10]","[0, 2, 2, 1, 5, 4]",5,-335,"[-1, -1, -1, -1, 10]","[0, 2, 1, 5, 4]",6,-541,"[-1, -10, -10, -10, -10, -10, -10, -10, -10, -10]","[0, 1, 1, 1, 1, 1, 1, 1, 1, 1]",-91,-627,"[-1, -1, -1, -1, 10]","[0, 2, 1, 5, 4]",6,-108
"[-1, -1, 10]","[0, 2, 4]",8,-426,"[-1, -10, -10, -10, -10, -10, -10, -10, -10, -10]","[0, 0, 0, 0, 0, 0, 0, 0, 0, 0]",-91,-426,"[-1, -1, -1, 10]","[0, 2, 2, 4]",7,-534,"[-10, -10, -10, -10, -10, -10, -10, -10, -10, -10]","[3, 3, 3, 3, 3, 3, 3, 3, 3, 3]",-100,-727,"[-1, -1, -1, 10]","[0, 2, 2, 4]",7,-101
"[-10, -10, -10, -10, -10, -10, -10, -10, -10, -10]","[3, 3, 3, 3, 3, 3, 3, 3, 3, 3]",-100,-526,"[-1, -1, -1, -1, -1, 10]","[0, 2, 2, 1, 5, 4]",5,-421,"[-1, -1, 10]","[0, 2, 4]",8,-526,"[-1, -1, -1, 10]","[0, 2, 2, 4]",7,-720,"[-1, -1, 10]","[0, 2, 4]",8,-93
"[-1, -1, -1, -1, -1, 10]","[0, 2, 2, 1, 5, 4]",5,-521,"[-10, -10, -10, -10, -10, -10, -10, -10, -10, -10]","[3, 3, 3, 3, 3, 3, 3, 3, 3, 3]",-100,-521,"[-10, -10, -10, -10, -10, -10, -10, -10, -10, -10]","[3, 3, 3, 3, 3, 3, 3, 3, 3, 3]",-100,-626,"[-1, -1, 10]","[0, 2, 4]",8,-712,"[-1, -1, -1, 10]","[0, 1, 5, 4]",7,-86
"[-1, -1, -1, 10]","[0, 1, 5, 4]",7,-514,"[-1, -1, -1, 10]","[0, 2, 2, 4]",7,-514,"[-1, -1, 10]","[0, 2, 4]",8,-618,"[-1, -1, -1, 10]","[0, 1, 5, 4]",7,-705,"[-1, -1, -1, 10]","[0, 2, 2, 4]",7,-79
"[-1, -1, 10]","[0, 2, 4]",8,-506,"[-1, -1, -1, -1, -1, 10]","[0, 2, 2, 1, 5, 4]",5,-509,"[-1, -10, -10, -10, -10, -10, -10, -10, -10, -10]","[0, 0, 0, 0, 0, 0, 0, 0, 0, 0]",-91,-709,"[-1, -1, 10]","[0, 2, 4]",8,-697,"[-1, -1, -1, 10]","[0, 2, 2, 4]",7,-72
"[-1, -1, 10]","[0, 2, 4]",8,-498,"[-1, -1, -1, -1, 10]","[0, 3, 1, 5, 4]",6,-503,"[-1, -10, -10, -10, -10, -10, -10, -10, -10, -10]","[0, 0, 0, 0, 0, 0, 0, 0, 0, 0]",-91,-800,"[-10, -10, -10, -10, -10, -10, -10, -10, -10, -10]","[2, 2, 2, 2, 2, 2, 2, 2, 2, 2]",-100,-797,"[-1, -1, -1, -1, 10]","[0, 2, 1, 5, 4]",6,-66
"[-1, -1, -1, -1, 10]","[0, 2, 1, 5, 4]",6,-492,"[-1, -1, -1, 10]","[0, 1, 5, 4]",7,-496,"[-1, -1, -1, 10]","[0, 1, 5, 4]",7,-793,"[-1, -1, -1, -1, -1, 10]","[0, 2, 2, 1, 5, 4]",5,-792,"[-1, -1, 10]","[0, 2, 4]",8,-58
"[-1, -1, -1, -1, 10]","[0, 2, 1, 5, 4]",6,-486,"[-1, -1, 10]","[0, 2, 4]",8,-488,"[-1, -10, -10, -10, -10, -10, -10, -10, -10, -10]","[0, 1, 1, 1, 1, 1, 1, 1, 1, 1]",-91,-884,"[-10, -10, -10, -10, -10, -10, -10, -10, -10, -10]","[3, 3, 3, 3, 3, 3, 3, 3, 3, 3]",-100,-892,"[-1, -10, -10, -10, -10, -10, -10, -10, -10, -10]","[0, 1, 1, 1, 1, 1, 1, 1, 1, 1]",-91,-149
"[-1, -1, 10]","[0, 2, 4]",8,-478,"[-1, -1, -1, -1, -1, 10]","[0, 2, 2, 1, 5, 4]",5,-483,"[-1, -1, -1, 10]","[0, 2, 2, 4]",7,-877,"[-1, -1, 10]","[0, 2, 4]",8,-884,"[-10, -10, -10, -10, -10, -10, -10, -10, -10, -10]","[3, 3, 3, 3, 3, 3, 3, 3, 3, 3]",-100,-249
"[-1, -1, -1, -1, 10]","[0, 2, 1, 5, 4]",6,-472,"[-1, -1, -1, 10]","[0, 1, 5, 4]",7,-476,"[-1, -1, 10]","[0, 2, 4]",8,-869,"[-1, -1, 10]","[0, 2, 4]",8,-876,"[-1, -1, 10]","[0, 2, 4]",8,-241
"[-1, -1, -1, -1, 10]","[0, 2, 1, 5, 4]",6,-466,"[-10, -10, -10, -10, -10, -10, -10, -10, -10, -10]","[2, 2, 2, 2, 2, 2, 2, 2, 2, 2]",-100,-576,"[-1, -1, -1, -1, 10]","[0, 2, 1, 5, 4]",6,-863,"[-1, -1, -1, 10]","[0, 2, 2, 4]",7,-869,"[-1, -10, -10, -10, -10, -10, -10, -10, -10, -10]","[0, 0, 0, 0, 0, 0, 0, 0, 0, 0]",-91,-332
"[-1, -1, -1, 10]","[0, 1, 5, 4]",7,-459,"[-10, -10, -10, -10, -10, -10, -10, -10, -10, -10]","[2, 2, 2, 2, 2, 2, 2, 2, 2, 2]",-100,-676,"[-1, -1, 10]","[0, 2, 4]",8,-855,"[-10, -10, -10, -10, -10, -10, -10, -10, -10, -10]","[3, 3, 3, 3, 3, 3, 3, 3, 3, 3]",-100,-969,"[-10, -10, -10, -10, -10, -10, -10, -10, -10, -10]","[3, 3, 3, 3, 3, 3, 3, 3, 3, 3]",-100,-432
"[-1, -1, -1, 10]","[0, 2, 2, 4]",7,-452,"[-1, -1, 10]","[0, 2, 4]",8,-668,"[-1, -1, -1, 10]","[0, 2, 2, 4]",7,-848,"[-10, -10, -10, -10, -10, -10, -10, -10, -10, -10]","[2, 2, 2, 2, 2, 2, 2, 2, 2, 2]",-100,-1069,"[-1, -10, -10, -10, -10, -10, -10, -10, -10, -10]","[0, 0, 0, 0, 0, 0, 0, 0, 0, 0]",-91,-523
"[-1, -1, -1, 10]","[0, 2, 2, 4]",7,-445,"[-1, -1, -1, -1, 10]","[0, 2, 1, 5, 4]",6,-662,"[-10, -10, -10, -10, -10, -10, -10, -10, -10, -10]","[2, 2, 2, 2, 2, 2, 2, 2, 2, 2]",-100,-948,"[-1, -1, -1, 10]","[0, 2, 2, 4]",7,-1062,"[-1, -1, 10]","[0, 2, 4]",8,-515
"[-1, -1, 10]","[0, 2, 4]",8,-437,"[-10, -10, -10, -10, -10, -10, -10, -10, -10, -10]","[2, 2, 2, 2, 2, 2, 2, 2, 2, 2]",-100,-762,"[-1, -1, 10]","[0, 2, 4]",8,-940,"[-1, -10, -10, -10, -10, -10, -10, -10, -10, -10]","[0, 0, 0, 0, 0, 0, 0, 0, 0, 0]",-91,-1153,"[-1, -1, -1, 10]","[0, 2, 2, 4]",7,-508
"[-1, -1, -1, 10]","[0, 2, 2, 4]",7,-430,"[-1, -1, -1, 10]","[0, 2, 2, 4]",7,-755,"[-1, -1, -1, 10]","[0, 2, 2, 4]",7,-933,"[-1, -1, -1, 10]","[0, 1, 5, 4]",7,-1146,"[-1, -1, 10]","[0, 2, 4]",8,-500
"[-1, -10, -10, -10, -10, -10, -10, -10, -10, -10]","[0, 1, 1, 1, 1, 1, 1, 1, 1, 1]",-91,-521,"[-1, -1, 10]","[0, 2, 4]",8,-747,"[-10, -10, -10, -10, -10, -10, -10, -10, -10, -10]","[2, 2, 2, 2, 2, 2, 2, 2, 2, 2]",-100,-1033,"[-1, -1, 10]","[0, 2, 4]",8,-1138,"[-1, -1, -1, -1, -1, 10]","[0, 2, 2, 1, 5, 4]",5,-495
"[-1, -10, -10, -10, -10, -10, -10, -10, -10, -10]","[0, 0, 0, 0, 0, 0, 0, 0, 0, 0]",-91,-612,"[-1, -1, -1, -1, -1, 10]","[0, 2, 2, 1, 5, 4]",5,-742,"[-1, -1, -1, 10]","[0, 1, 5, 4]",7,-1026,"[-1, -1, -1, -1, -1, 10]","[0, 2, 2, 1, 5, 4]",5,-1133,"[-1, -1, -1, -1, -1, 10]","[0, 2, 2, 1, 5, 4]",5,-490
"[-1, -1, 10]","[0, 2, 4]",8,-604,"[-1, -1, 10]","[0, 2, 4]",8,-734,"[-1, -1, -1, 10]","[0, 2, 2, 4]",7,-1019,"[-1, -1, 10]","[0, 2, 4]",8,-1125,"[-1, -1, 10]","[0, 2, 4]",8,-482
"[-1, -1, -1, -1, -1, 10]","[0, 2, 2, 1, 5, 4]",5,-599,"[-1, -1, -1, 10]","[0, 2, 2, 4]",7,-727,"[-1, -1, -1, 10]","[0, 2, 2, 4]",7,-1012,"[-1, -1, 10]","[0, 2, 4]",8,-1117,"[-10, -10, -10, -10, -10, -10, -10, -10, -10, -10]","[3, 3, 3, 3, 3, 3, 3, 3, 3, 3]",-100,-582
"[-1, -1, -1, 10]","[0, 1, 5, 4]",7,-592,"[-1, -10, -10, -10, -10, -10, -10, -10, -10, -10]","[0, 1, 1, 1, 1, 1, 1, 1, 1, 1]",-91,-818,"[-1, -1, 10]","[0, 2, 4]",8,-1004,"[-1, -1, 10]","[0, 2, 4]",8,-1109,"[-1, -1, 10]","[0, 2, 4]",8,-574
"[-1, -10, -10, -10, -10, -10, -10, -10, -10, -10]","[0, 0, 0, 0, 0, 0, 0, 0, 0, 0]",-91,-683,"[-1, -1, -1, -1, 10]","[0, 2, 1, 5, 4]",6,-812,"[-10, -10, -10, -10, -10, -10, -10, -10, -10, -10]","[2, 2, 2, 2, 2, 2, 2, 2, 2, 2]",-100,-1104,"[-10, -10, -10, -10, -10, -10, -10, -10, -10, -10]","[3, 3, 3, 3, 3, 3, 3, 3, 3, 3]",-100,-1209,"[-1, -1, -1, 10]","[0, 1, 5, 4]",7,-567
"[-10, -10, -10, -10, -10, -10, -10, -10, -10, -10]","[3, 3, 3, 3, 3, 3, 3, 3, 3, 3]",-100,-783,"[-10, -10, -10, -10, -10, -10, -10, -10, -10, -10]","[3, 3, 3, 3, 3, 3, 3, 3, 3, 3]",-100,-912,"[-1, -1, -1, 10]","[0, 2, 2, 4]",7,-1097,"[-1, -1, -1, -1, -1, 10]","[0, 2, 2, 1, 5, 4]",5,-1204,"[-1, -1, 10]","[0, 2, 4]",8,-559
"[-1, -1, 10]","[0, 2, 4]",8,-775,"[-1, -1, -1, -1, 10]","[0, 3, 1, 5, 4]",6,-906,"[-10, -10, -10, -10, -10, -10, -10, -10, -10, -10]","[2, 2, 2, 2, 2, 2, 2, 2, 2, 2]",-100,-1197,"[-1, -1, -1, 10]","[0, 2, 2, 4]",7,-1197,"[-1, -1, -1, -1, 10]","[0, 3, 1, 5, 4]",6,-553
"[-1, -1, -1, -1, 10]","[0, 2, 1, 5, 4]",6,-769,"[-1, -10, -10, -10, -10, -10, -10, -10, -10, -10]","[0, 0, 0, 0, 0, 0, 0, 0, 0, 0]",-91,-997,"[-1, -1, -1, -1, -1, 10]","[0, 2, 2, 1, 5, 4]",5,-1192,"[-1, -1, 10]","[0, 2, 4]",8,-1189,"[-1, -1, 10]","[0, 2, 4]",8,-545
"[-10, -10, -10, -10, -10, -10, -10, -10, -10, -10]","[3, 3, 3, 3, 3, 3, 3, 3, 3, 3]",-100,-869,"[-10, -10, -10, -10, -10, -10, -10, -10, -10, -10]","[3, 3, 3, 3, 3, 3, 3, 3, 3, 3]",-100,-1097,"[-1, -1, -1, -1, 10]","[0, 2, 1, 5, 4]",6,-1186,"[-1, -10, -10, -10, -10, -10, -10, -10, -10, -10]","[0, 0, 0, 0, 0, 0, 0, 0, 0, 0]",-91,-1280,"[-1, -1, -1, -1, 10]","[0, 2, 1, 5, 4]",6,-539
"[-1, -1, -1, 10]","[0, 2, 2, 4]",7,-862,"[-1, -10, -10, -10, -10, -10, -10, -10, -10, -10]","[0, 0, 0, 0, 0, 0, 0, 0, 0, 0]",-91,-1188,"[-1, -1, -1, -1, 10]","[0, 2, 1, 5, 4]",6,-1180,"[-1, -1, -1, 10]","[0, 2, 2, 4]",7,-1273,"[-1, -1, -1, -1, 10]","[0, 3, 1, 5, 4]",6,-533
"[-1, -1, -1, 10]","[0, 2, 2, 4]",7,-855,"[-1, -1, -1, 10]","[0, 2, 2, 4]",7,-1181,"[-1, -1, 10]","[0, 2, 4]",8,-1172,"[-1, -1, -1, 10]","[0, 1, 5, 4]",7,-1266,"[-1, -1, -1, -1, -1, 10]","[0, 2, 2, 1, 5, 4]",5,-528
"[-1, -10, -10, -10, -10, -10, -10, -10, -10, -10]","[0, 1, 1, 1, 1, 1, 1, 1, 1, 1]",-91,-946,"[-1, -1, 10]","[0, 2, 4]",8,-1173,"[-1, -10, -10, -10, -10, -10, -10, -10, -10, -10]","[0, 1, 1, 1, 1, 1, 1, 1, 1, 1]",-91,-1263,"[-1, -1, 10]","[0, 2, 4]",8,-1258,"[-1, -1, 10]","[0, 2, 4]",8,-520
"[-1, -1, -1, 10]","[0, 1, 5, 4]",7,-939,"[-1, -1, -1, 10]","[0, 2, 2, 4]",7,-1166,"[-1, -1, -1, 10]","[0, 1, 5, 4]",7,-1256,"[-10, -10, -10, -10, -10, -10, -10, -10, -10, -10]","[2, 2, 2, 2, 2, 2, 2, 2, 2, 2]",-100,-1358,"[-1, -10, -10, -10, -10, -10, -10, -10, -10, -10]","[0, 1, 1, 1, 1, 1, 1, 1, 1, 1]",-91,-611
"[-10, -10, -10, -10, -10, -10, -10, -10, -10, -10]","[2, 2, 2, 2, 2, 2, 2, 2, 2, 2]",-100,-1039,"[-1, -1, 10]","[0, 2, 4]",8,-1158,"[-10, -10, -10, -10, -10, -10, -10, -10, -10, -10]","[3, 3, 3, 3, 3, 3, 3, 3, 3, 3]",-100,-1356,"[-1, -1, 10]","[0, 2, 4]",8,-1350,"[-1, -1, 10]","[0, 2, 4]",8,-603
"[-1, -1, -1, -1, 10]","[0, 3, 1, 5, 4]",6,-1033,"[-10, -10, -10, -10, -10, -10, -10, -10, -10, -10]","[3, 3, 3, 3, 3, 3, 3, 3, 3, 3]",-100,-1258,"[-1, -1, 10]","[0, 2, 4]",8,-1348,"[-1, -1, -1, -1, 10]","[0, 3, 1, 5, 4]",6,-1344,"[-1, -1, -1, -1, 10]","[0, 2, 1, 5, 4]",6,-597
"[-1, -1, -1, -1, 10]","[0, 2, 1, 5, 4]",6,-1027,"[-1, -1, -1, 10]","[0, 1, 5, 4]",7,-1251,"[-10, -10, -10, -10, -10, -10, -10, -10, -10, -10]","[3, 3, 3, 3, 3, 3, 3, 3, 3, 3]",-100,-1448,"[-1, -1, 10]","[0, 2, 4]",8,-1336,"[-1, -1, 10]","[0, 2, 4]",8,-589
"[-1, -1, 10]","[0, 2, 4]",8,-1019,"[-1, -1, -1, -1, 10]","[0, 3, 1, 5, 4]",6,-1245,"[-1, -10, -10, -10, -10, -10, -10, -10, -10, -10]","[0, 0, 0, 0, 0, 0, 0, 0, 0, 0]",-91,-1539,"[-10, -10, -10, -10, -10, -10, -10, -10, -10, -10]","[3, 3, 3, 3, 3, 3, 3, 3, 3, 3]",-100,-1436,"[-1, -10, -10, -10, -10, -10, -10, -10, -10, -10]","[0, 1, 1, 1, 1, 1, 1, 1, 1, 1]",-91,-680
"[-1, -1, 10]","[0, 2, 4]",8,-1011,"[-1, -1, 10]","[0, 2, 4]",8,-1237,"[-1, -1, -1, -1, -1, 10]","[0, 2, 2, 1, 5, 4]",5,-1534,"[-1, -1, -1, 10]","[0, 2, 2, 4]",7,-1429,"[-1, -10, -10, -10, -10, -10, -10, -10, -10, -10]","[0, 0, 0, 0, 0, 0, 0, 0, 0, 0]",-91,-771
"[-1, -1, -1, -1, 10]","[0, 2, 1, 5, 4]",6,-1005,"[-1, -1, -1, -1, -1, 10]","[0, 2, 2, 1, 5, 4]",5,-1232,"[-10, -10, -10, -10, -10, -10, -10, -10, -10, -10]","[3, 3, 3, 3, 3, 3, 3, 3, 3, 3]",-100,-1634,"[-1, -1, -1, 10]","[0, 2, 2, 4]",7,-1422,"[-1, -1, -1, -1, 10]","[0, 2, 1, 5, 4]",6,-765
"[-1, -1, -1, 10]","[0, 2, 2, 4]",7,-998,"[-1, -1, -1, -1, 10]","[0, 2, 1, 5, 4]",6,-1226,"[-1, -1, -1, 10]","[0, 2, 2, 4]",7,-1627,"[-1, -1, 10]","[0, 2, 4]",8,-1414,"[-10, -10, -10, -10, -10, -10, -10, -10, -10, -10]","[2, 2, 2, 2, 2, 2, 2, 2, 2, 2]",-100,-865
"[-1, -1, -1, 10]","[0, 2, 2, 4]",7,-991,"[-10, -10, -10, -10, -10, -10, -10, -10, -10, -10]","[3, 3, 3, 3, 3, 3, 3, 3, 3, 3]",-100,-1326,"[-10, -10, -10, -10, -10, -10, -10, -10, -10, -10]","[3, 3, 3, 3, 3, 3, 3, 3, 3, 3]",-100,-1727,"[-1, -1, 10]","[0, 2, 4]",8,-1406,"[-1, -1, 10]","[0, 2, 4]",8,-857
"[-1, -1, -1, 10]","[0, 1, 5, 4]",7,-984,"[-1, -1, -1, -1, 10]","[0, 3, 1, 5, 4]",6,-1320,"[-1, -1, -1, 10]","[0, 2, 2, 4]",7,-1720,"[-1, -1, 10]","[0, 2, 4]",8,-1398,"[-1, -1, -1, 10]","[0, 2, 2, 4]",7,-850
"[-1, -1, -1, -1, 10]","[0, 2, 1, 5, 4]",6,-978,"[-10, -10, -10, -10, -10, -10, -10, -10, -10, -10]","[2, 2, 2, 2, 2, 2, 2, 2, 2, 2]",-100,-1420,"[-1, -1, -1, -1, 10]","[0, 2, 1, 5, 4]",6,-1714,"[-1, -10, -10, -10, -10, -10, -10, -10, -10, -10]","[0, 1, 1, 1, 1, 1, 1, 1, 1, 1]",-91,-1489,"[-1, -1, -1, -1, 10]","[0, 2, 1, 5, 4]",6,-844
"[-1, -1, -1, 10]","[0, 2, 2, 4]",7,-971,"[-1, -1, -1, 10]","[0, 2, 2, 4]",7,-1413,"[-1, -1, -1, -1, 10]","[0, 2, 1, 5, 4]",6,-1708,"[-1, -1, -1, 10]","[0, 2, 2, 4]",7,-1482,"[-1, -1, 10]","[0, 2, 4]",8,-836
"[-1, -1, -1, -1, 10]","[0, 2, 1, 5, 4]",6,-965,"[-10, -10, -10, -10, -10, -10, -10, -10, -10, -10]","[2, 2, 2, 2, 2, 2, 2, 2, 2, 2]",-100,-1513,"[-1, -1, -1, 10]","[0, 2, 2, 4]",7,-1701,"[-1, -1, -1, -1, -1, 10]","[0, 2, 2, 1, 5, 4]",5,-1477,"[-10, -10, -10, -10, -10, -10, -10, -10, -10, -10]","[2, 2, 2, 2, 2, 2, 2, 2, 2, 2]",-100,-936
"[-10, -10, -10, -10, -10, -10, -10, -10, -10, -10]","[3, 3, 3, 3, 3, 3, 3, 3, 3, 3]",-100,-1065,"[-1, -1, -1, -1, 10]","[0, 2, 1, 5, 4]",6,-1507,"[-10, -10, -10, -10, -10, -10, -10, -10, -10, -10]","[2, 2, 2, 2, 2, 2, 2, 2, 2, 2]",-100,-1801,"[-1, -1, -1, -1, 10]","[0, 2, 1, 5, 4]",6,-1471,"[-1, -10, -10, -10, -10, -10, -10, -10, -10, -10]","[0, 1, 1, 1, 1, 1, 1, 1, 1, 1]",-91,-1027
"[-10, -10, -10, -10, -10, -10, -10, -10, -10, -10]","[3, 3, 3, 3, 3, 3, 3, 3, 3, 3]",-100,-1165,"[-1, -1, -1, 10]","[0, 2, 2, 4]",7,-1500,"[-1, -1, -1, -1, 10]","[0, 2, 1, 5, 4]",6,-1795,"[-10, -10, -10, -10, -10, -10, -10, -10, -10, -10]","[3, 3, 3, 3, 3, 3, 3, 3, 3, 3]",-100,-1571,"[-1, -1, -1, -1, -1, 10]","[0, 2, 2, 1, 5, 4]",5,-1022
"[-1, -1, -1, 10]","[0, 2, 2, 4]",7,-1158,"[-1, -1, -1, -1, -1, 10]","[0, 2, 2, 1, 5, 4]",5,-1495,"[-1, -1, -1, -1, -1, 10]","[0, 2, 2, 1, 5, 4]",5,-1790,"[-1, -1, 10]","[0, 2, 4]",8,-1563,"[-1, -1, -1, 10]","[0, 2, 2, 4]",7,-1015
"[-10, -10, -10, -10, -10, -10, -10, -10, -10, -10]","[3, 3, 3, 3, 3, 3, 3, 3, 3, 3]",-100,-1258,"[-1, -1, -1, 10]","[0, 2, 2, 4]",7,-1488,"[-1, -1, 10]","[0, 2, 4]",8,-1782,"[-1, -1, -1, 10]","[0, 2, 2, 4]",7,-1556,"[-1, -10, -10, -10, -10, -10, -10, -10, -10, -10]","[0, 0, 0, 0, 0, 0, 0, 0, 0, 0]",-91,-1106
"[-10, -10, -10, -10, -10, -10, -10, -10, -10, -10]","[3, 3, 3, 3, 3, 3, 3, 3, 3, 3]",-100,-1358,"[-10, -10, -10, -10, -10, -10, -10, -10, -10, -10]","[3, 3, 3, 3, 3, 3, 3, 3, 3, 3]",-100,-1588,"[-1, -10, -10, -10, -10, -10, -10, -10, -10, -10]","[0, 1, 1, 1, 1, 1, 1, 1, 1, 1]",-91,-1873,"[-1, -1, -1, -1, 10]","[0, 2, 1, 5, 4]",6,-1550,"[-1, -1, -1, 10]","[0, 2, 2, 4]",7,-1099
"[-1, -10, -10, -10, -10, -10, -10, -10, -10, -10]","[0, 0, 0, 0, 0, 0, 0, 0, 0, 0]",-91,-1449,"[-1, -1, 10]","[0, 2, 4]",8,-1580,"[-1, -1, -1, -1, 10]","[0, 3, 1, 5, 4]",6,-1867,"[-1, -1, 10]","[0, 2, 4]",8,-1542,"[-1, -1, -1, 10]","[0, 2, 2, 4]",7,-1092
"[-1, -10, -10, -10, -10, -10, -10, -10, -10, -10]","[0, 0, 0, 0, 0, 0, 0, 0, 0, 0]",-91,-1540,"[-1, -1, 10]","[0, 2, 4]",8,-1572,"[-10, -10, -10, -10, -10, -10, -10, -10, -10, -10]","[3, 3, 3, 3, 3, 3, 3, 3, 3, 3]",-100,-1967,"[-1, -1, -1, 10]","[0, 2, 2, 4]",7,-1535,"[-10, -10, -10, -10, -10, -10, -10, -10, -10, -10]","[2, 2, 2, 2, 2, 2, 2, 2, 2, 2]",-100,-1192
"[-1, -1, -1, 10]","[0, 2, 2, 4]",7,-1533,"[-1, -1, -1, -1, 10]","[0, 3, 1, 5, 4]",6,-1566,"[-10, -10, -10, -10, -10, -10, -10, -10, -10, -10]","[2, 2, 2, 2, 2, 2, 2, 2, 2, 2]",-100,-2067,"[-1, -1, 10]","[0, 2, 4]",8,-1527,"[-10, -10, -10, -10, -10, -10, -10, -10, -10, -10]","[2, 2, 2, 2, 2, 2, 2, 2, 2, 2]",-100,-1292
"[-1, -1, -1, 10]","[0, 2, 2, 4]",7,-1526,"[-1, -1, 10]","[0, 2, 4]",8,-1558,"[-1, -1, -1, 10]","[0, 2, 2, 4]",7,-2060,"[-1, -1, 10]","[0, 2, 4]",8,-1519,"[-1, -1, 10]","[0, 2, 4]",8,-1284
"[-1, -1, -1, -1, 10]","[0, 2, 1, 5, 4]",6,-1520,"[-1, -1, 10]","[0, 2, 4]",8,-1550,"[-10, -10, -10, -10, -10, -10, -10, -10, -10, -10]","[3, 3, 3, 3, 3, 3, 3, 3, 3, 3]",-100,-2160,"[-1, -1, 10]","[0, 2, 4]",8,-1511,"[-10, -10, -10, -10, -10, -10, -10, -10, -10, -10]","[2, 2, 2, 2, 2, 2, 2, 2, 2, 2]",-100,-1384
"[-10, -10, -10, -10, -10, -10, -10, -10, -10, -10]","[2, 2, 2, 2, 2, 2, 2, 2, 2, 2]",-100,-1620,"[-1, -10, -10, -10, -10, -10, -10, -10, -10, -10]","[0, 1, 1, 1, 1, 1, 1, 1, 1, 1]",-91,-1641,"[-10, -10, -10, -10, -10, -10, -10, -10, -10, -10]","[2, 2, 2, 2, 2, 2, 2, 2, 2, 2]",-100,-2260,"[-1, -10, -10, -10, -10, -10, -10, -10, -10, -10]","[0, 0, 0, 0, 0, 0, 0, 0, 0, 0]",-91,-1602,"[-10, -10, -10, -10, -10, -10, -10, -10, -10, -10]","[3, 3, 3, 3, 3, 3, 3, 3, 3, 3]",-100,-1484
"[-1, -10, -10, -10, -10, -10, -10, -10, -10, -10]","[0, 0, 0, 0, 0, 0, 0, 0, 0, 0]",-91,-1711,"[-1, -1, 10]","[0, 2, 4]",8,-1633,"[-1, -1, -1, 10]","[0, 2, 2, 4]",7,-2253,"[-1, -1, 10]","[0, 2, 4]",8,-1594,"[-1, -10, -10, -10, -10, -10, -10, -10, -10, -10]","[0, 1, 1, 1, 1, 1, 1, 1, 1, 1]",-91,-1575
"[-10, -10, -10, -10, -10, -10, -10, -10, -10, -10]","[3, 3, 3, 3, 3, 3, 3, 3, 3, 3]",-100,-1811,"[-1, -1, 10]","[0, 2, 4]",8,-1625,"[-1, -1, 10]","[0, 2, 4]",8,-2245,"[-1, -10, -10, -10, -10, -10, -10, -10, -10, -10]","[0, 1, 1, 1, 1, 1, 1, 1, 1, 1]",-91,-1685,"[-1, -1, 10]","[0, 2, 4]",8,-1567
"[-1, -1, 10]","[0, 2, 4]",8,-1803,"[-1, -1, -1, 10]","[0, 1, 5, 4]",7,-1618,"[-10, -10, -10, -10, -10, -10, -10, -10, -10, -10]","[3, 3, 3, 3, 3, 3, 3, 3, 3, 3]",-100,-2345,"[-1, -1, 10]","[0, 2, 4]",8,-1677,"[-1, -1, 10]","[0, 2, 4]",8,-1559
"[-1, -1, -1, -1, 10]","[0, 2, 1, 5, 4]",6,-1797,"[-1, -1, -1, -1, -1, 10]","[0, 2, 2, 1, 5, 4]",5,-1613,"[-1, -1, 10]","[0, 2, 4]",8,-2337,"[-1, -1, -1, 10]","[0, 2, 2, 4]",7,-1670,"[-10, -10, -10, -10, -10, -10, -10, -10, -10, -10]","[2, 2, 2, 2, 2, 2, 2, 2, 2, 2]",-100,-1659
"[-10, -10, -10, -10, -10, -10, -10, -10, -10, -10]","[3, 3, 3, 3, 3, 3, 3, 3, 3, 3]",-100,-1897,"[-1, -10, -10, -10, -10, -10, -10, -10, -10, -10]","[0, 0, 0, 0, 0, 0, 0, 0, 0, 0]",-91,-1704,"[-1, -10, -10, -10, -10, -10, -10, -10, -10, -10]","[0, 0, 0, 0, 0, 0, 0, 0, 0, 0]",-91,-2428,"[-10, -10, -10, -10, -10, -10, -10, -10, -10, -10]","[2, 2, 2, 2, 2, 2, 2, 2, 2, 2]",-100,-1770,"[-1, -10, -10, -10, -10, -10, -10, -10, -10, -10]","[0, 0, 0, 0, 0, 0, 0, 0, 0, 0]",-91,-1750
"[-10, -10, -10, -10, -10, -10, -10, -10, -10, -10]","[3, 3, 3, 3, 3, 3, 3, 3, 3, 3]",-100,-1997,"[-1, -1, 10]","[0, 2, 4]",8,-1696,"[-1, -10, -10, -10, -10, -10, -10, -10, -10, -10]","[0, 0, 0, 0, 0, 0, 0, 0, 0, 0]",-91,-2519,"[-1, -1, 10]","[0, 2, 4]",8,-1762,"[-1, -10, -10, -10, -10, -10, -10, -10, -10, -10]","[0, 0, 0, 0, 0, 0, 0, 0, 0, 0]",-91,-1841
"[-1, -1, -1, -1, 10]","[0, 2, 1, 5, 4]",6,-1991,"[-1, -1, -1, 10]","[0, 2, 2, 4]",7,-1689,"[-1, -10, -10, -10, -10, -10, -10, -10, -10, -10]","[0, 0, 0, 0, 0, 0, 0, 0, 0, 0]",-91,-2610,"[-1, -1, 10]","[0, 2, 4]",8,-1754,"[-1, -10, -10, -10, -10, -10, -10, -10, -10, -10]","[0, 1, 1, 1, 1, 1, 1, 1, 1, 1]",-91,-1932
"[-10, -10, -10, -10, -10, -10, -10, -10, -10, -10]","[2, 2, 2, 2, 2, 2, 2, 2, 2, 2]",-100,-2091,"[-10, -10, -10, -10, -10, -10, -10, -10, -10, -10]","[2, 2, 2, 2, 2, 2, 2, 2, 2, 2]",-100,-1789,"[-1, -1, 10]","[0, 2, 4]",8,-2602,"[-1, -10, -10, -10, -10, -10, -10, -10, -10, -10]","[0, 0, 0, 0, 0, 0, 0, 0, 0, 0]",-91,-1845,"[-1, -1, -1, -1, 10]","[0, 2, 1, 5, 4]",6,-1926
"[-10, -10, -10, -10, -10, -10, -10, -10, -10, -10]","[3, 3, 3, 3, 3, 3, 3, 3, 3, 3]",-100,-2191,"[-1, -1, -1, 10]","[0, 2, 2, 4]",7,-1782,"[-10, -10, -10, -10, -10, -10, -10, -10, -10, -10]","[3, 3, 3, 3, 3, 3, 3, 3, 3, 3]",-100,-2702,"[-10, -10, -10, -10, -10, -10, -10, -10, -10, -10]","[2, 2, 2, 2, 2, 2, 2, 2, 2, 2]",-100,-1945,"[-10, -10, -10, -10, -10, -10, -10, -10, -10, -10]","[2, 2, 2, 2, 2, 2, 2, 2, 2, 2]",-100,-2026
"[-1, -1, -1, -1, 10]","[0, 2, 1, 5, 4]",6,-2185,"[-1, -10, -10, -10, -10, -10, -10, -10, -10, -10]","[0, 0, 0, 0, 0, 0, 0, 0, 0, 0]",-91,-1873,"[-1, -1, -1, 10]","[0, 1, 5, 4]",7,-2695,"[-10, -10, -10, -10, -10, -10, -10, -10, -10, -10]","[2, 2, 2, 2, 2, 2, 2, 2, 2, 2]",-100,-2045,"[-1, -1, -1, 10]","[0, 2, 2, 4]",7,-2019
"[-10, -10, -10, -10, -10, -10, -10, -10, -10, -10]","[2, 2, 2, 2, 2, 2, 2, 2, 2, 2]",-100,-2285,"[-10, -10, -10, -10, -10, -10, -10, -10, -10, -10]","[2, 2, 2, 2, 2, 2, 2, 2, 2, 2]",-100,-1973,"[-1, -1, -1, 10]","[0, 2, 2, 4]",7,-2688,"[-10, -10, -10, -10, -10, -10, -10, -10, -10, -10]","[2, 2, 2, 2, 2, 2, 2, 2, 2, 2]",-100,-2145,"[-1, -1, -1, 10]","[0, 1, 5, 4]",7,-2012
"[-1, -1, -1, 10]","[0, 2, 2, 4]",7,-2278,"[-1, -1, -1, 10]","[0, 1, 5, 4]",7,-1966,"[-1, -1, 10]","[0, 2, 4]",8,-2680,"[-1, -1, -1, 10]","[0, 1, 5, 4]",7,-2138,"[-1, -1, -1, -1, 10]","[0, 3, 1, 5, 4]",6,-2006
"[-10, -10, -10, -10, -10, -10, -10, -10, -10, -10]","[2, 2, 2, 2, 2, 2, 2, 2, 2, 2]",-100,-2378,"[-1, -1, -1, 10]","[0, 2, 2, 4]",7,-1959,"[-10, -10, -10, -10, -10, -10, -10, -10, -10, -10]","[2, 2, 2, 2, 2, 2, 2, 2, 2, 2]",-100,-2780,"[-1, -1, -1, 10]","[0, 2, 2, 4]",7,-2131,"[-1, -10, -10, -10, -10, -10, -10, -10, -10, -10]","[0, 0, 0, 0, 0, 0, 0, 0, 0, 0]",-91,-2097
"[-10, -10, -10, -10, -10, -10, -10, -10, -10, -10]","[3, 3, 3, 3, 3, 3, 3, 3, 3, 3]",-100,-2478,"[-1, -1, 10]","[0, 2, 4]",8,-1951,"[-1, -10, -10, -10, -10, -10, -10, -10, -10, -10]","[0, 1, 1, 1, 1, 1, 1, 1, 1, 1]",-91,-2871,"[-1, -1, 10]","[0, 2, 4]",8,-2123,"[-10, -10, -10, -10, -10, -10, -10, -10, -10, -10]","[2, 2, 2, 2, 2, 2, 2, 2, 2, 2]",-100,-2197
"[-1, -10, -10, -10, -10, -10, -10, -10, -10, -10]","[0, 0, 0, 0, 0, 0, 0, 0, 0, 0]",-91,-2569,"[-1, -10, -10, -10, -10, -10, -10, -10, -10, -10]","[0, 1, 1, 1, 1, 1, 1, 1, 1, 1]",-91,-2042,"[-1, -1, -1, -1, 10]","[0, 2, 1, 5, 4]",6,-2865,"[-1, -1, -1, 10]","[0, 2, 2, 4]",7,-2116,"[-1, -1, -1, 10]","[0, 2, 2, 4]",7,-2190
"[-1, -1, 10]","[0, 2, 4]",8,-2561,"[-1, -1, -1, 10]","[0, 1, 5, 4]",7,-2035,"[-1, -1, -1, -1, 10]","[0, 3, 1, 5, 4]",6,-2859,"[-1, -1, 10]","[0, 2, 4]",8,-2108,"[-10, -10, -10, -10, -10, -10, -10, -10, -10, -10]","[3, 3, 3, 3, 3, 3, 3, 3, 3, 3]",-100,-2290
"[-1, -1, 10]","[0, 2, 4]",8,-2553,"[-1, -10, -10, -10, -10, -10, -10, -10, -10, -10]","[0, 0, 0, 0, 0, 0, 0, 0, 0, 0]",-91,-2126,"[-10, -10, -10, -10, -10, -10, -10, -10, -10, -10]","[3, 3, 3, 3, 3, 3, 3, 3, 3, 3]",-100,-2959,"[-1, -10, -10, -10, -10, -10, -10, -10, -10, -10]","[0, 0, 0, 0, 0, 0, 0, 0, 0, 0]",-91,-2199,"[-1, -10, -10, -10, -10, -10, -10, -10, -10, -10]","[0, 1, 1, 1, 1, 1, 1, 1, 1, 1]",-91,-2381
"[-1, -1, 10]","[0, 2, 4]",8,-2545,"[-1, -10, -10, -10, -10, -10, -10, -10, -10, -10]","[0, 0, 0, 0, 0, 0, 0, 0, 0, 0]",-91,-2217,"[-10, -10, -10, -10, -10, -10, -10, -10, -10, -10]","[2, 2, 2, 2, 2, 2, 2, 2, 2, 2]",-100,-3059,"[-1, -1, 10]","[0, 2, 4]",8,-2191,"[-1, -1, -1, -1, -1, 10]","[0, 2, 2, 1, 5, 4]",5,-2376
"[-1, -1, -1, -1, 10]","[0, 2, 1, 5, 4]",6,-2539,"[-1, -1, -1, 10]","[0, 2, 2, 4]",7,-2210,"[-10, -10, -10, -10, -10, -10, -10, -10, -10, -10]","[2, 2, 2, 2, 2, 2, 2, 2, 2, 2]",-100,-3159,"[-1, -1, -1, -1, 10]","[0, 2, 1, 5, 4]",6,-2185,"[-1, -1, 10]","[0, 2, 4]",8,-2368
"[-10, -10, -10, -10, -10, -10, -10, -10, -10, -10]","[2, 2, 2, 2, 2, 2, 2, 2, 2, 2]",-100,-2639,"[-1, -1, 10]","[0, 2, 4]",8,-2202,"[-1, -1, -1, -1, 10]","[0, 2, 1, 5, 4]",6,-3153,"[-1, -1, 10]","[0, 2, 4]",8,-2177,"[-1, -10, -10, -10, -10, -10, -10, -10, -10, -10]","[0, 1, 1, 1, 1, 1, 1, 1, 1, 1]",-91,-2459
"[-10, -10, -10, -10, -10, -10, -10, -10, -10, -10]","[2, 2, 2, 2, 2, 2, 2, 2, 2, 2]",-100,-2739,"[-1, -1, 10]","[0, 2, 4]",8,-2194,"[-1, -10, -10, -10, -10, -10, -10, -10, -10, -10]","[0, 0, 0, 0, 0, 0, 0, 0, 0, 0]",-91,-3244,"[-1, -1, -1, -1, 10]","[0, 2, 1, 5, 4]",6,-2171,"[-1, -1, -1, -1, 10]","[0, 2, 1, 5, 4]",6,-2453
"[-10, -10, -10, -10, -10, -10, -10, -10, -10, -10]","[2, 2, 2, 2, 2, 2, 2, 2, 2, 2]",-100,-2839,"[-10, -10, -10, -10, -10, -10, -10, -10, -10, -10]","[2, 2, 2, 2, 2, 2, 2, 2, 2, 2]",-100,-2294,"[-1, -1, 10]","[0, 2, 4]",8,-3236,"[-1, -1, -1, 10]","[0, 2, 2, 4]",7,-2164,"[-1, -1, 10]","[0, 2, 4]",8,-2445
"[-1, -10, -10, -10, -10, -10, -10, -10, -10, -10]","[0, 0, 0, 0, 0, 0, 0, 0, 0, 0]",-91,-2930,"[-1, -1, -1, -1, 10]","[0, 2, 1, 5, 4]",6,-2288,"[-1, -1, 10]","[0, 2, 4]",8,-3228,"[-1, -1, 10]","[0, 2, 4]",8,-2156,"[-1, -1, -1, 10]","[0, 2, 2, 4]",7,-2438
"[-1, -1, -1, -1, 10]","[0, 2, 1, 5, 4]",6,-2924,"[-1, -1, -1, 10]","[0, 2, 2, 4]",7,-2281,"[-1, -1, -1, -1, -1, 10]","[0, 2, 2, 1, 5, 4]",5,-3223,"[-10, -10, -10, -10, -10, -10, -10, -10, -10, -10]","[2, 2, 2, 2, 2, 2, 2, 2, 2, 2]",-100,-2256,"[-1, -1, 10]","[0, 2, 4]",8,-2430
"[-1, -1, -1, 10]","[0, 2, 2, 4]",7,-2917,"[-1, -1, -1, -1, -1, 10]","[0, 2, 2, 1, 5, 4]",5,-2276,"[-1, -1, 10]","[0, 2, 4]",8,-3215,"[-1, -1, 10]","[0, 2, 4]",8,-2248,"[-1, -1, -1, 10]","[0, 1, 5, 4]",7,-2423
"[-10, -10, -10, -10, -10, -10, -10, -10, -10, -10]","[2, 2, 2, 2, 2, 2, 2, 2, 2, 2]",-100,-3017,"[-1, -1, -1, -1, -1, 10]","[0, 2, 2, 1, 5, 4]",5,-2271,"[-1, -1, 10]","[0, 2, 4]",8,-3207,"[-1, -1, -1, -1, 10]","[0, 3, 1, 5, 4]",6,-2242,"[-1, -1, -1, -1, 10]","[0, 2, 1, 5, 4]",6,-2417
"[-1, -1, 10]","[0, 2, 4]",8,-3009,"[-1, -1, -1, -1, 10]","[0, 3, 1, 5, 4]",6,-2265,"[-1, -1, -1, -1, 10]","[0, 2, 1, 5, 4]",6,-3201,"[-1, -1, 10]","[0, 2, 4]",8,-2234,"[-1, -1, -1, -1, -1, 10]","[0, 2, 2, 1, 5, 4]",5,-2412
"[-1, -1, -1, 10]","[0, 2, 2, 4]",7,-3002,"[-10, -10, -10, -10, -10, -10, -10, -10, -10, -10]","[3, 3, 3, 3, 3, 3, 3, 3, 3, 3]",-100,-2365,"[-1, -1, -1, -1, -1, 10]","[0, 2, 2, 1, 5, 4]",5,-3196,"[-1, -1, 10]","[0, 2, 4]",8,-2226,"[-1, -1, -1, 10]","[0, 2, 2, 4]",7,-2405
"[-1, -1, -1, 10]","[0, 2, 2, 4]",7,-2995,"[-10, -10, -10, -10, -10, -10, -10, -10, -10, -10]","[2, 2, 2, 2, 2, 2, 2, 2, 2, 2]",-100,-2465,"[-10, -10, -10, -10, -10, -10, -10, -10, -10, -10]","[2, 2, 2, 2, 2, 2, 2, 2, 2, 2]",-100,-3296,"[-10, -10, -10, -10, -10, -10, -10, -10, -10, -10]","[3, 3, 3, 3, 3, 3, 3, 3, 3, 3]",-100,-2326,"[-1, -1, -1, -1, 10]","[0, 2, 1, 5, 4]",6,-2399
"[-10, -10, -10, -10, -10, -10, -10, -10, -10, -10]","[3, 3, 3, 3, 3, 3, 3, 3, 3, 3]",-100,-3095,"[-1, -1, 10]","[0, 2, 4]",8,-2457,"[-10, -10, -10, -10, -10, -10, -10, -10, -10, -10]","[3, 3, 3, 3, 3, 3, 3, 3, 3, 3]",-100,-3396,"[-10, -10, -10, -10, -10, -10, -10, -10, -10, -10]","[3, 3, 3, 3, 3, 3, 3, 3, 3, 3]",-100,-2426,"[-1, -1, -1, 10]","[0, 2, 2, 4]",7,-2392
"[-1, -1, -1, -1, 10]","[0, 2, 1, 5, 4]",6,-3089,"[-1, -1, -1, 10]","[0, 2, 2, 4]",7,-2450,"[-1, -1, -1, -1, 10]","[0, 3, 1, 5, 4]",6,-3390,"[-1, -1, -1, 10]","[0, 2, 2, 4]",7,-2419,"[-1, -1, -1, 10]","[0, 2, 2, 4]",7,-2385
"[-1, -1, 10]","[0, 2, 4]",8,-3081,"[-10, -10, -10, -10, -10, -10, -10, -10, -10, -10]","[3, 3, 3, 3, 3, 3, 3, 3, 3, 3]",-100,-2550,"[-10, -10, -10, -10, -10, -10, -10, -10, -10, -10]","[2, 2, 2, 2, 2, 2, 2, 2, 2, 2]",-100,-3490,"[-1, -1, 10]","[0, 2, 4]",8,-2411,"[-10, -10, -10, -10, -10, -10, -10, -10, -10, -10]","[2, 2, 2, 2, 2, 2, 2, 2, 2, 2]",-100,-2485
"[-1, -1, -1, 10]","[0, 2, 2, 4]",7,-3074,"[-1, -10, -10, -10, -10, -10, -10, -10, -10, -10]","[0, 0, 0, 0, 0, 0, 0, 0, 0, 0]",-91,-2641,"[-1, -1, -1, -1, 10]","[0, 3, 1, 5, 4]",6,-3484,"[-1, -10, -10, -10, -10, -10, -10, -10, -10, -10]","[0, 0, 0, 0, 0, 0, 0, 0, 0, 0]",-91,-2502,"[-1, -1, -1, 10]","[0, 2, 2, 4]",7,-2478
"[-10, -10, -10, -10, -10, -10, -10, -10, -10, -10]","[2, 2, 2, 2, 2, 2, 2, 2, 2, 2]",-100,-3174,"[-1, -1, 10]","[0, 2, 4]",8,-2633,"[-1, -1, -1, -1, 10]","[0, 2, 1, 5, 4]",6,-3478,"[-1, -1, -1, -1, 10]","[0, 2, 1, 5, 4]",6,-2496,"[-1, -1, -1, 10]","[0, 2, 2, 4]",7,-2471
"[-10, -10, -10, -10, -10, -10, -10, -10, -10, -10]","[3, 3, 3, 3, 3, 3, 3, 3, 3, 3]",-100,-3274,"[-10, -10, -10, -10, -10, -10, -10, -10, -10, -10]","[3, 3, 3, 3, 3, 3, 3, 3, 3, 3]",-100,-2733,"[-1, -1, -1, 10]","[0, 2, 2, 4]",7,-3471,"[-1, -1, -1, 10]","[0, 1, 5, 4]",7,-2489,"[-1, -10, -10, -10, -10, -10, -10, -10, -10, -10]","[0, 1, 1, 1, 1, 1, 1, 1, 1, 1]",-91,-2562
