0,1,2,3,4,5,6,7,8,9,10,11,12,13,14,15,16,17,18,19
"[-1, -10, -10, -10, -10, -10, -10, -10, -10, -10]","[0, 1, 1, 1, 1, 1, 1, 1, 1, 1]",-91,-91,"[-1, -1, -1, -1, 10]","[0, 2, 1, 5, 4]",6,6,"[-1, -10, -10, -10, -10, -10, -10, -10, -10, -10]","[0, 1, 1, 1, 1, 1, 1, 1, 1, 1]",-91,-91,"[-1, -1, -1, -1, -1, 10]","[0, 2, 2, 1, 5, 4]",5,5,"[-10, -10, -10, -10, -10, -10, -10, -10, -10, -10]","[3, 3, 3, 3, 3, 3, 3, 3, 3, 3]",-100,-100
"[-10, -10, -10, -10, -10, -10, -10, -10, -10, -10]","[2, 2, 2, 2, 2, 2, 2, 2, 2, 2]",-100,-191,"[-10, -10, -10, -10, -10, -10, -10, -10, -10, -10]","[2, 2, 2, 2, 2, 2, 2, 2, 2, 2]",-100,-94,"[-10, -10, -10, -10, -10, -10, -10, -10, -10, -10]","[2, 2, 2, 2, 2, 2, 2, 2, 2, 2]",-100,-191,"[-1, -1, -1, 10]","[0, 2, 2, 4]",7,12,"[-1, -1, 10]","[0, 2, 4]",8,-92
"[-1, -1, 10]","[0, 2, 4]",8,-183,"[-10, -10, -10, -10, -10, -10, -10, -10, -10, -10]","[1, 1, 1, 1, 1, 1, 1, 1, 1, 1]",-100,-194,"[-10, -10, -10, -10, -10, -10, -10, -10, -10, -10]","[1, 1, 1, 1, 1, 1, 1, 1, 1, 1]",-100,-291,"[-1, -1, -1, 10]","[0, 2, 2, 4]",7,19,"[-10, -10, -10, -10, -10, -10, -10, -10, -10, -10]","[3, 3, 3, 3, 3, 3, 3, 3, 3, 3]",-100,-192
"[-1, -1, -1, 10]","[0, 2, 2, 4]",7,-176,"[-1, -1, 10]","[0, 2, 4]",8,-186,"[-1, -10, -10, -10, -10, -10, -10, -10, -10, -10]","[0, 1, 1, 1, 1, 1, 1, 1, 1, 1]",-91,-382,"[-1, -1, -1, -1, -1, 10]","[0, 2, 2, 1, 5, 4]",5,24,"[-10, -10, -10, -10, -10, -10, -10, -10, -10, -10]","[3, 3, 3, 3, 3, 3, 3, 3, 3, 3]",-100,-292
"[-10, -10, -10, -10, -10, -10, -10, -10, -10, -10]","[3, 3, 3, 3, 3, 3, 3, 3, 3, 3]",-100,-276,"[-1, -1, -1, -10, -10, -10, -10, -10, -10, -10]","[0, 2, 2, 1, 1, 1, 1, 1, 1, 1]",-73,-259,"[-1, -10, -10, -10, -10, -10, -10, -10, -10, -10]","[0, 1, 1, 1, 1, 1, 1, 1, 1, 1]",-91,-473,"[-1, -1, -1, -1, 10]","[0, 2, 1, 5, 4]",6,30,"[-10, -10, -10, -10, -10, -10, -10, -10, -10, -10]","[2, 2, 2, 2, 2, 2, 2, 2, 2, 2]",-100,-392
"[-1, -1, -1, -1, -1, 10]","[0, 2, 2, 1, 5, 4]",5,-271,"[-1, -1, -1, -10, -10, -10, -10, -10, -10, -10]","[0, 1, 5, 1, 1, 1, 1, 1, 1, 1]",-73,-332,"[-1, -1, -1, 10]","[0, 2, 2, 4]",7,-466,"[-10, -10, -10, -10, -10, -10, -10, -10, -10, -10]","[2, 2, 2, 2, 2, 2, 2, 2, 2, 2]",-100,-70,"[-10, -10, -10, -10, -10, -10, -10, -10, -10, -10]","[2, 2, 2, 2, 2, 2, 2, 2, 2, 2]",-100,-492
"[-10, -10, -10, -10, -10, -10, -10, -10, -10, -10]","[3, 3, 3, 3, 3, 3, 3, 3, 3, 3]",-100,-371,"[-10, -10, -10, -10, -10, -10, -10, -10, -10, -10]","[3, 3, 3, 3, 3, 3, 3, 3, 3, 3]",-100,-432,"[-10, -10, -10, -10, -10, -10, -10, -10, -10, -10]","[1, 1, 1, 1, 1, 1, 1, 1, 1, 1]",-100,-566,"[-10, -10, -10, -10, -10, -10, -10, -10, -10, -10]","[3, 3, 3, 3, 3, 3, 3, 3, 3, 3]",-100,-170,"[-1, -1, -10, -10, -10, -10, -10, -10, -10, -10]","[0, 2, 1, 1, 1, 1, 1, 1, 1, 1]",-82,-574
"[-1, -1, -1, -10, -10, -10, -10, -10, -10, -10]","[0, 2, 2, 1, 1, 1, 1, 1, 1, 1]",-73,-444,"[-10, -10, -10, -10, -10, -10, -10, -10, -10, -10]","[2, 2, 2, 2, 2, 2, 2, 2, 2, 2]",-100,-532,"[-1, -1, -1, -10, -10, -10, -10, -10, -10, -10]","[0, 2, 2, 1, 1, 1, 1, 1, 1, 1]",-73,-639,"[-1, -1, -1, -1, -1, 10]","[0, 2, 2, 1, 5, 4]",5,-165,"[-10, -10, -10, -10, -10, -10, -10, -10, -10, -10]","[3, 3, 3, 3, 3, 3, 3, 3, 3, 3]",-100,-674
"[-1, -10, -10, -10, -10, -10, -10, -10, -10, -10]","[0, 1, 1, 1, 1, 1, 1, 1, 1, 1]",-91,-535,"[-1, -1, -1, 10]","[0, 1, 5, 4]",7,-525,"[-1, -1, -1, -1, -10, -10, -10, -10, -10, -10]","[0, 2, 1, 5, 1, 1, 1, 1, 1, 1]",-64,-703,"[-10, -10, -10, -10, -10, -10, -10, -10, -10, -10]","[2, 2, 2, 2, 2, 2, 2, 2, 2, 2]",-100,-265,"[-10, -10, -10, -10, -10, -10, -10, -10, -10, -10]","[3, 3, 3, 3, 3, 3, 3, 3, 3, 3]",-100,-774
"[-1, -1, -1, -1, -10, -10, -10, -10, -10, -10]","[0, 2, 1, 5, 1, 1, 1, 1, 1, 1]",-64,-599,"[-1, -1, -1, 10]","[0, 2, 2, 4]",7,-518,"[-1, -10, -10, -10, -10, -10, -10, -10, -10, -10]","[0, 1, 1, 1, 1, 1, 1, 1, 1, 1]",-91,-794,"[-10, -10, -10, -10, -10, -10, -10, -10, -10, -10]","[2, 2, 2, 2, 2, 2, 2, 2, 2, 2]",-100,-365,"[-1, -1, -10, -10, -10, -10, -10, -10, -10, -10]","[0, 2, 1, 1, 1, 1, 1, 1, 1, 1]",-82,-856
"[-1, -1, 10]","[0, 2, 4]",8,-591,"[-1, -1, -10, -10, -10, -10, -10, -10, -10, -10]","[0, 2, 1, 1, 1, 1, 1, 1, 1, 1]",-82,-600,"[-1, -1, -1, -10, -10, -10, -10, -10, -10, -10]","[0, 1, 5, 1, 1, 1, 1, 1, 1, 1]",-73,-867,"[-1, -1, -1, 10]","[0, 2, 2, 4]",7,-358,"[-1, -1, -1, -10, -10, -10, -10, -10, -10, -10]","[0, 1, 5, 1, 1, 1, 1, 1, 1, 1]",-73,-929
"[-10, -10, -10, -10, -10, -10, -10, -10, -10, -10]","[2, 2, 2, 2, 2, 2, 2, 2, 2, 2]",-100,-691,"[-10, -10, -10, -10, -10, -10, -10, -10, -10, -10]","[3, 3, 3, 3, 3, 3, 3, 3, 3, 3]",-100,-700,"[-10, -10, -10, -10, -10, -10, -10, -10, -10, -10]","[3, 3, 3, 3, 3, 3, 3, 3, 3, 3]",-100,-967,"[-1, -1, -1, 10]","[0, 2, 2, 4]",7,-351,"[-10, -10, -10, -10, -10, -10, -10, -10, -10, -10]","[1, 1, 1, 1, 1, 1, 1, 1, 1, 1]",-100,-1029
"[-10, -10, -10, -10, -10, -10, -10, -10, -10, -10]","[2, 2, 2, 2, 2, 2, 2, 2, 2, 2]",-100,-791,"[-10, -10, -10, -10, -10, -10, -10, -10, -10, -10]","[3, 3, 3, 3, 3, 3, 3, 3, 3, 3]",-100,-800,"[-10, -10, -10, -10, -10, -10, -10, -10, -10, -10]","[2, 2, 2, 2, 2, 2, 2, 2, 2, 2]",-100,-1067,"[-10, -10, -10, -10, -10, -10, -10, -10, -10, -10]","[2, 2, 2, 2, 2, 2, 2, 2, 2, 2]",-100,-451,"[-10, -10, -10, -10, -10, -10, -10, -10, -10, -10]","[2, 2, 2, 2, 2, 2, 2, 2, 2, 2]",-100,-1129
"[-1, -1, -1, 10]","[0, 2, 2, 4]",7,-784,"[-1, -1, -1, -10, -10, -10, -10, -10, -10, -10]","[0, 2, 2, 1, 1, 1, 1, 1, 1, 1]",-73,-873,"[-1, -1, 10]","[0, 2, 4]",8,-1059,"[-10, -10, -10, -10, -10, -10, -10, -10, -10, -10]","[2, 2, 2, 2, 2, 2, 2, 2, 2, 2]",-100,-551,"[-10, -10, -10, -10, -10, -10, -10, -10, -10, -10]","[1, 1, 1, 1, 1, 1, 1, 1, 1, 1]",-100,-1229
"[-1, -1, -10, -10, -10, -10, -10, -10, -10, -10]","[0, 2, 1, 1, 1, 1, 1, 1, 1, 1]",-82,-866,"[-10, -10, -10, -10, -10, -10, -10, -10, -10, -10]","[3, 3, 3, 3, 3, 3, 3, 3, 3, 3]",-100,-973,"[-1, -1, -1, -10, -10, -10, -10, -10, -10, -10]","[0, 1, 5, 1, 1, 1, 1, 1, 1, 1]",-73,-1132,"[-1, -1, -1, -1, 10]","[0, 2, 1, 5, 4]",6,-545,"[-1, -1, -1, -1, 10]","[0, 2, 1, 5, 4]",6,-1223
"[-10, -10, -10, -10, -10, -10, -10, -10, -10, -10]","[2, 2, 2, 2, 2, 2, 2, 2, 2, 2]",-100,-966,"[-1, -1, -1, -1, 10]","[0, 2, 1, 5, 4]",6,-967,"[-10, -10, -10, -10, -10, -10, -10, -10, -10, -10]","[2, 2, 2, 2, 2, 2, 2, 2, 2, 2]",-100,-1232,"[-1, -1, -1, -1, 10]","[0, 2, 1, 5, 4]",6,-539,"[-1, -1, -1, -1, -1, 10]","[0, 2, 2, 1, 5, 4]",5,-1218
"[-1, -1, -1, 10]","[0, 2, 2, 4]",7,-959,"[-1, -10, -10, -10, -10, -10, -10, -10, -10, -10]","[0, 1, 1, 1, 1, 1, 1, 1, 1, 1]",-91,-1058,"[-10, -10, -10, -10, -10, -10, -10, -10, -10, -10]","[2, 2, 2, 2, 2, 2, 2, 2, 2, 2]",-100,-1332,"[-10, -10, -10, -10, -10, -10, -10, -10, -10, -10]","[1, 1, 1, 1, 1, 1, 1, 1, 1, 1]",-100,-639,"[-1, -1, 10]","[0, 2, 4]",8,-1210
"[-1, -1, -1, -10, -10, -10, -10, -10, -10, -10]","[0, 2, 2, 1, 1, 1, 1, 1, 1, 1]",-73,-1032,"[-1, -1, 10]","[0, 2, 4]",8,-1050,"[-1, -1, -1, 10]","[0, 2, 2, 4]",7,-1325,"[-1, -1, -1, -1, 10]","[0, 2, 1, 5, 4]",6,-633,"[-1, -10, -10, -10, -10, -10, -10, -10, -10, -10]","[0, 1, 1, 1, 1, 1, 1, 1, 1, 1]",-91,-1301
"[-1, -1, -10, -10, -10, -10, -10, -10, -10, -10]","[0, 2, 1, 1, 1, 1, 1, 1, 1, 1]",-82,-1114,"[-10, -10, -10, -10, -10, -10, -10, -10, -10, -10]","[2, 2, 2, 2, 2, 2, 2, 2, 2, 2]",-100,-1150,"[-1, -10, -10, -10, -10, -10, -10, -10, -10, -10]","[0, 1, 1, 1, 1, 1, 1, 1, 1, 1]",-91,-1416,"[-1, -1, -1, -1, -1, 10]","[0, 2, 2, 1, 5, 4]",5,-628,"[-10, -10, -10, -10, -10, -10, -10, -10, -10, -10]","[3, 3, 3, 3, 3, 3, 3, 3, 3, 3]",-100,-1401
"[-1, -1, -1, 10]","[0, 2, 2, 4]",7,-1107,"[-10, -10, -10, -10, -10, -10, -10, -10, -10, -10]","[3, 3, 3, 3, 3, 3, 3, 3, 3, 3]",-100,-1250,"[-10, -10, -10, -10, -10, -10, -10, -10, -10, -10]","[2, 2, 2, 2, 2, 2, 2, 2, 2, 2]",-100,-1516,"[-1, -1, -1, -1, -1, -10, -10, -10, -10, -10]","[0, 2, 2, 1, 5, 1, 1, 1, 1, 1]",-55,-683,"[-1, -1, -1, 10]","[0, 2, 2, 4]",7,-1394
"[-1, -1, -1, 10]","[0, 2, 2, 4]",7,-1100,"[-1, -1, 10]","[0, 2, 4]",8,-1242,"[-10, -10, -10, -10, -10, -10, -10, -10, -10, -10]","[3, 3, 3, 3, 3, 3, 3, 3, 3, 3]",-100,-1616,"[-10, -10, -10, -10, -10, -10, -10, -10, -10, -10]","[3, 3, 3, 3, 3, 3, 3, 3, 3, 3]",-100,-783,"[-1, -1, 10]","[0, 2, 4]",8,-1386
"[-1, -1, -1, 10]","[0, 2, 2, 4]",7,-1093,"[-1, -1, -1, -10, -10, -10, -10, -10, -10, -10]","[0, 1, 5, 1, 1, 1, 1, 1, 1, 1]",-73,-1315,"[-1, -1, -1, -1, -10, -10, -10, -10, -10, -10]","[0, 2, 1, 5, 1, 1, 1, 1, 1, 1]",-64,-1680,"[-10, -10, -10, -10, -10, -10, -10, -10, -10, -10]","[2, 2, 2, 2, 2, 2, 2, 2, 2, 2]",-100,-883,"[-1, -1, -1, -1, -10, -10, -10, -10, -10, -10]","[0, 2, 1, 5, 1, 1, 1, 1, 1, 1]",-64,-1450
"[-1, -1, -1, -1, -1, -10, -10, -10, -10, -10]","[0, 2, 2, 1, 5, 1, 1, 1, 1, 1]",-55,-1148,"[-1, -1, -1, -1, -10, -10, -10, -10, -10, -10]","[0, 2, 1, 5, 1, 1, 1, 1, 1, 1]",-64,-1379,"[-1, -10, -10, -10, -10, -10, -10, -10, -10, -10]","[0, 1, 1, 1, 1, 1, 1, 1, 1, 1]",-91,-1771,"[-10, -10, -10, -10, -10, -10, -10, -10, -10, -10]","[3, 3, 3, 3, 3, 3, 3, 3, 3, 3]",-100,-983,"[-10, -10, -10, -10, -10, -10, -10, -10, -10, -10]","[2, 2, 2, 2, 2, 2, 2, 2, 2, 2]",-100,-1550
"[-1, -1, 10]","[0, 2, 4]",8,-1140,"[-1, -1, -1, 10]","[0, 2, 2, 4]",7,-1372,"[-1, -1, -1, -10, -10, -10, -10, -10, -10, -10]","[0, 1, 5, 1, 1, 1, 1, 1, 1, 1]",-73,-1844,"[-10, -10, -10, -10, -10, -10, -10, -10, -10, -10]","[2, 2, 2, 2, 2, 2, 2, 2, 2, 2]",-100,-1083,"[-1, -1, -1, -1, -1, -10, -10, -10, -10, -10]","[0, 2, 2, 1, 5, 1, 1, 1, 1, 1]",-55,-1605
"[-1, -1, -1, 10]","[0, 2, 2, 4]",7,-1133,"[-10, -10, -10, -10, -10, -10, -10, -10, -10, -10]","[2, 2, 2, 2, 2, 2, 2, 2, 2, 2]",-100,-1472,"[-1, -1, -1, -1, 10]","[0, 2, 1, 5, 4]",6,-1838,"[-10, -10, -10, -10, -10, -10, -10, -10, -10, -10]","[1, 1, 1, 1, 1, 1, 1, 1, 1, 1]",-100,-1183,"[-10, -10, -10, -10, -10, -10, -10, -10, -10, -10]","[2, 2, 2, 2, 2, 2, 2, 2, 2, 2]",-100,-1705
"[-10, -10, -10, -10, -10, -10, -10, -10, -10, -10]","[2, 2, 2, 2, 2, 2, 2, 2, 2, 2]",-100,-1233,"[-10, -10, -10, -10, -10, -10, -10, -10, -10, -10]","[1, 1, 1, 1, 1, 1, 1, 1, 1, 1]",-100,-1572,"[-10, -10, -10, -10, -10, -10, -10, -10, -10, -10]","[1, 1, 1, 1, 1, 1, 1, 1, 1, 1]",-100,-1938,"[-10, -10, -10, -10, -10, -10, -10, -10, -10, -10]","[3, 3, 3, 3, 3, 3, 3, 3, 3, 3]",-100,-1283,"[-1, -1, 10]","[0, 2, 4]",8,-1697
"[-1, -1, -1, 10]","[0, 2, 2, 4]",7,-1226,"[-10, -10, -10, -10, -10, -10, -10, -10, -10, -10]","[1, 1, 1, 1, 1, 1, 1, 1, 1, 1]",-100,-1672,"[-10, -10, -10, -10, -10, -10, -10, -10, -10, -10]","[1, 1, 1, 1, 1, 1, 1, 1, 1, 1]",-100,-2038,"[-1, -1, -1, -1, -1, 10]","[0, 2, 2, 1, 5, 4]",5,-1278,"[-1, -1, -1, 10]","[0, 2, 2, 4]",7,-1690
"[-10, -10, -10, -10, -10, -10, -10, -10, -10, -10]","[1, 1, 1, 1, 1, 1, 1, 1, 1, 1]",-100,-1326,"[-1, -1, -10, -10, -10, -10, -10, -10, -10, -10]","[0, 2, 1, 1, 1, 1, 1, 1, 1, 1]",-82,-1754,"[-1, -1, -1, -1, -1, -10, -10, -10, -10, -10]","[0, 2, 2, 1, 5, 1, 1, 1, 1, 1]",-55,-2093,"[-10, -10, -10, -10, -10, -10, -10, -10, -10, -10]","[1, 1, 1, 1, 1, 1, 1, 1, 1, 1]",-100,-1378,"[-10, -10, -10, -10, -10, -10, -10, -10, -10, -10]","[2, 2, 2, 2, 2, 2, 2, 2, 2, 2]",-100,-1790
"[-1, -1, 10]","[0, 2, 4]",8,-1318,"[-10, -10, -10, -10, -10, -10, -10, -10, -10, -10]","[3, 3, 3, 3, 3, 3, 3, 3, 3, 3]",-100,-1854,"[-1, -1, -1, -1, -1, -10, -10, -10, -10, -10]","[0, 2, 2, 1, 5, 1, 1, 1, 1, 1]",-55,-2148,"[-10, -10, -10, -10, -10, -10, -10, -10, -10, -10]","[3, 3, 3, 3, 3, 3, 3, 3, 3, 3]",-100,-1478,"[-10, -10, -10, -10, -10, -10, -10, -10, -10, -10]","[3, 3, 3, 3, 3, 3, 3, 3, 3, 3]",-100,-1890
"[-1, -1, 10]","[0, 2, 4]",8,-1310,"[-10, -10, -10, -10, -10, -10, -10, -10, -10, -10]","[3, 3, 3, 3, 3, 3, 3, 3, 3, 3]",-100,-1954,"[-1, -1, -1, -1, 10]","[0, 2, 1, 5, 4]",6,-2142,"[-1, -1, -1, -10, -10, -10, -10, -10, -10, -10]","[0, 2, 2, 1, 1, 1, 1, 1, 1, 1]",-73,-1551,"[-1, -1, -1, -10, -10, -10, -10, -10, -10, -10]","[0, 2, 2, 1, 1, 1, 1, 1, 1, 1]",-73,-1963
"[-10, -10, -10, -10, -10, -10, -10, -10, -10, -10]","[2, 2, 2, 2, 2, 2, 2, 2, 2, 2]",-100,-1410,"[-10, -10, -10, -10, -10, -10, -10, -10, -10, -10]","[1, 1, 1, 1, 1, 1, 1, 1, 1, 1]",-100,-2054,"[-1, -1, 10]","[0, 2, 4]",8,-2134,"[-10, -10, -10, -10, -10, -10, -10, -10, -10, -10]","[3, 3, 3, 3, 3, 3, 3, 3, 3, 3]",-100,-1651,"[-10, -10, -10, -10, -10, -10, -10, -10, -10, -10]","[2, 2, 2, 2, 2, 2, 2, 2, 2, 2]",-100,-2063
"[-1, -1, -1, -1, -1, 10]","[0, 2, 2, 1, 5, 4]",5,-1405,"[-10, -10, -10, -10, -10, -10, -10, -10, -10, -10]","[2, 2, 2, 2, 2, 2, 2, 2, 2, 2]",-100,-2154,"[-1, -1, 10]","[0, 2, 4]",8,-2126,"[-1, -1, -1, -1, -10, -10, -10, -10, -10, -10]","[0, 2, 1, 5, 1, 1, 1, 1, 1, 1]",-64,-1715,"[-10, -10, -10, -10, -10, -10, -10, -10, -10, -10]","[2, 2, 2, 2, 2, 2, 2, 2, 2, 2]",-100,-2163
"[-10, -10, -10, -10, -10, -10, -10, -10, -10, -10]","[2, 2, 2, 2, 2, 2, 2, 2, 2, 2]",-100,-1505,"[-1, -1, -1, -1, -1, 10]","[0, 2, 2, 1, 5, 4]",5,-2149,"[-10, -10, -10, -10, -10, -10, -10, -10, -10, -10]","[2, 2, 2, 2, 2, 2, 2, 2, 2, 2]",-100,-2226,"[-10, -10, -10, -10, -10, -10, -10, -10, -10, -10]","[1, 1, 1, 1, 1, 1, 1, 1, 1, 1]",-100,-1815,"[-10, -10, -10, -10, -10, -10, -10, -10, -10, -10]","[3, 3, 3, 3, 3, 3, 3, 3, 3, 3]",-100,-2263
"[-10, -10, -10, -10, -10, -10, -10, -10, -10, -10]","[1, 1, 1, 1, 1, 1, 1, 1, 1, 1]",-100,-1605,"[-10, -10, -10, -10, -10, -10, -10, -10, -10, -10]","[1, 1, 1, 1, 1, 1, 1, 1, 1, 1]",-100,-2249,"[-1, -10, -10, -10, -10, -10, -10, -10, -10, -10]","[0, 1, 1, 1, 1, 1, 1, 1, 1, 1]",-91,-2317,"[-10, -10, -10, -10, -10, -10, -10, -10, -10, -10]","[3, 3, 3, 3, 3, 3, 3, 3, 3, 3]",-100,-1915,"[-1, -1, -1, 10]","[0, 1, 5, 4]",7,-2256
"[-10, -10, -10, -10, -10, -10, -10, -10, -10, -10]","[1, 1, 1, 1, 1, 1, 1, 1, 1, 1]",-100,-1705,"[-1, -1, 10]","[0, 2, 4]",8,-2241,"[-1, -1, 10]","[0, 2, 4]",8,-2309,"[-1, -1, -1, -1, 10]","[0, 2, 1, 5, 4]",6,-1909,"[-10, -10, -10, -10, -10, -10, -10, -10, -10, -10]","[3, 3, 3, 3, 3, 3, 3, 3, 3, 3]",-100,-2356
"[-10, -10, -10, -10, -10, -10, -10, -10, -10, -10]","[1, 1, 1, 1, 1, 1, 1, 1, 1, 1]",-100,-1805,"[-10, -10, -10, -10, -10, -10, -10, -10, -10, -10]","[3, 3, 3, 3, 3, 3, 3, 3, 3, 3]",-100,-2341,"[-1, -1, -1, 10]","[0, 2, 2, 4]",7,-2302,"[-1, -1, 10]","[0, 2, 4]",8,-1901,"[-1, -1, -1, -1, -10, -10, -10, -10, -10, -10]","[0, 2, 1, 5, 1, 1, 1, 1, 1, 1]",-64,-2420
"[-10, -10, -10, -10, -10, -10, -10, -10, -10, -10]","[3, 3, 3, 3, 3, 3, 3, 3, 3, 3]",-100,-1905,"[-10, -10, -10, -10, -10, -10, -10, -10, -10, -10]","[3, 3, 3, 3, 3, 3, 3, 3, 3, 3]",-100,-2441,"[-1, -1, 10]","[0, 2, 4]",8,-2294,"[-1, -1, 10]","[0, 2, 4]",8,-1893,"[-1, -1, -1, -1, 10]","[0, 2, 1, 5, 4]",6,-2414
"[-1, -1, -1, -1, -1, 10]","[0, 2, 2, 1, 5, 4]",5,-1900,"[-10, -10, -10, -10, -10, -10, -10, -10, -10, -10]","[1, 1, 1, 1, 1, 1, 1, 1, 1, 1]",-100,-2541,"[-1, -1, -1, -1, -10, -10, -10, -10, -10, -10]","[0, 2, 1, 5, 1, 1, 1, 1, 1, 1]",-64,-2358,"[-10, -10, -10, -10, -10, -10, -10, -10, -10, -10]","[1, 1, 1, 1, 1, 1, 1, 1, 1, 1]",-100,-1993,"[-10, -10, -10, -10, -10, -10, -10, -10, -10, -10]","[3, 3, 3, 3, 3, 3, 3, 3, 3, 3]",-100,-2514
"[-1, -1, -1, -1, -1, 10]","[0, 2, 2, 1, 5, 4]",5,-1895,"[-10, -10, -10, -10, -10, -10, -10, -10, -10, -10]","[2, 2, 2, 2, 2, 2, 2, 2, 2, 2]",-100,-2641,"[-10, -10, -10, -10, -10, -10, -10, -10, -10, -10]","[2, 2, 2, 2, 2, 2, 2, 2, 2, 2]",-100,-2458,"[-1, -1, -1, -10, -10, -10, -10, -10, -10, -10]","[0, 2, 2, 1, 1, 1, 1, 1, 1, 1]",-73,-2066,"[-10, -10, -10, -10, -10, -10, -10, -10, -10, -10]","[1, 1, 1, 1, 1, 1, 1, 1, 1, 1]",-100,-2614
"[-1, -1, 10]","[0, 2, 4]",8,-1887,"[-10, -10, -10, -10, -10, -10, -10, -10, -10, -10]","[1, 1, 1, 1, 1, 1, 1, 1, 1, 1]",-100,-2741,"[-10, -10, -10, -10, -10, -10, -10, -10, -10, -10]","[1, 1, 1, 1, 1, 1, 1, 1, 1, 1]",-100,-2558,"[-10, -10, -10, -10, -10, -10, -10, -10, -10, -10]","[3, 3, 3, 3, 3, 3, 3, 3, 3, 3]",-100,-2166,"[-10, -10, -10, -10, -10, -10, -10, -10, -10, -10]","[2, 2, 2, 2, 2, 2, 2, 2, 2, 2]",-100,-2714
"[-10, -10, -10, -10, -10, -10, -10, -10, -10, -10]","[2, 2, 2, 2, 2, 2, 2, 2, 2, 2]",-100,-1987,"[-1, -10, -10, -10, -10, -10, -10, -10, -10, -10]","[0, 1, 1, 1, 1, 1, 1, 1, 1, 1]",-91,-2832,"[-10, -10, -10, -10, -10, -10, -10, -10, -10, -10]","[1, 1, 1, 1, 1, 1, 1, 1, 1, 1]",-100,-2658,"[-1, -1, 10]","[0, 2, 4]",8,-2158,"[-1, -1, -10, -10, -10, -10, -10, -10, -10, -10]","[0, 2, 1, 1, 1, 1, 1, 1, 1, 1]",-82,-2796
"[-1, -1, -1, 10]","[0, 2, 2, 4]",7,-1980,"[-1, -1, -1, -1, 10]","[0, 2, 1, 5, 4]",6,-2826,"[-1, -1, -1, 10]","[0, 2, 2, 4]",7,-2651,"[-1, -1, -1, -1, -1, -10, -10, -10, -10, -10]","[0, 2, 2, 1, 5, 1, 1, 1, 1, 1]",-55,-2213,"[-1, -1, 10]","[0, 2, 4]",8,-2788
"[-1, -1, -1, -1, -10, -10, -10, -10, -10, -10]","[0, 2, 1, 5, 1, 1, 1, 1, 1, 1]",-64,-2044,"[-10, -10, -10, -10, -10, -10, -10, -10, -10, -10]","[1, 1, 1, 1, 1, 1, 1, 1, 1, 1]",-100,-2926,"[-1, -1, 10]","[0, 2, 4]",8,-2643,"[-1, -1, -1, 10]","[0, 2, 2, 4]",7,-2206,"[-10, -10, -10, -10, -10, -10, -10, -10, -10, -10]","[1, 1, 1, 1, 1, 1, 1, 1, 1, 1]",-100,-2888
"[-1, -1, 10]","[0, 2, 4]",8,-2036,"[-1, -1, -1, 10]","[0, 2, 2, 4]",7,-2919,"[-10, -10, -10, -10, -10, -10, -10, -10, -10, -10]","[3, 3, 3, 3, 3, 3, 3, 3, 3, 3]",-100,-2743,"[-10, -10, -10, -10, -10, -10, -10, -10, -10, -10]","[2, 2, 2, 2, 2, 2, 2, 2, 2, 2]",-100,-2306,"[-1, -1, -1, -1, -10, -10, -10, -10, -10, -10]","[0, 2, 1, 5, 1, 1, 1, 1, 1, 1]",-64,-2952
"[-1, -1, 10]","[0, 2, 4]",8,-2028,"[-1, -1, -1, 10]","[0, 2, 2, 4]",7,-2912,"[-1, -1, -1, 10]","[0, 2, 2, 4]",7,-2736,"[-1, -1, -1, -1, -1, 10]","[0, 2, 2, 1, 5, 4]",5,-2301,"[-10, -10, -10, -10, -10, -10, -10, -10, -10, -10]","[2, 2, 2, 2, 2, 2, 2, 2, 2, 2]",-100,-3052
"[-1, -1, -1, 10]","[0, 2, 2, 4]",7,-2021,"[-10, -10, -10, -10, -10, -10, -10, -10, -10, -10]","[3, 3, 3, 3, 3, 3, 3, 3, 3, 3]",-100,-3012,"[-10, -10, -10, -10, -10, -10, -10, -10, -10, -10]","[1, 1, 1, 1, 1, 1, 1, 1, 1, 1]",-100,-2836,"[-1, -1, -1, -1, -1, 10]","[0, 2, 2, 1, 5, 4]",5,-2296,"[-1, -1, -10, -10, -10, -10, -10, -10, -10, -10]","[0, 2, 1, 1, 1, 1, 1, 1, 1, 1]",-82,-3134
"[-10, -10, -10, -10, -10, -10, -10, -10, -10, -10]","[1, 1, 1, 1, 1, 1, 1, 1, 1, 1]",-100,-2121,"[-10, -10, -10, -10, -10, -10, -10, -10, -10, -10]","[3, 3, 3, 3, 3, 3, 3, 3, 3, 3]",-100,-3112,"[-1, -1, 10]","[0, 2, 4]",8,-2828,"[-10, -10, -10, -10, -10, -10, -10, -10, -10, -10]","[2, 2, 2, 2, 2, 2, 2, 2, 2, 2]",-100,-2396,"[-10, -10, -10, -10, -10, -10, -10, -10, -10, -10]","[2, 2, 2, 2, 2, 2, 2, 2, 2, 2]",-100,-3234
"[-1, -1, -1, -1, 10]","[0, 2, 1, 5, 4]",6,-2115,"[-10, -10, -10, -10, -10, -10, -10, -10, -10, -10]","[3, 3, 3, 3, 3, 3, 3, 3, 3, 3]",-100,-3212,"[-10, -10, -10, -10, -10, -10, -10, -10, -10, -10]","[2, 2, 2, 2, 2, 2, 2, 2, 2, 2]",-100,-2928,"[-10, -10, -10, -10, -10, -10, -10, -10, -10, -10]","[1, 1, 1, 1, 1, 1, 1, 1, 1, 1]",-100,-2496,"[-1, -1, -1, -1, -1, 10]","[0, 2, 2, 1, 5, 4]",5,-3229
"[-10, -10, -10, -10, -10, -10, -10, -10, -10, -10]","[2, 2, 2, 2, 2, 2, 2, 2, 2, 2]",-100,-2215,"[-10, -10, -10, -10, -10, -10, -10, -10, -10, -10]","[2, 2, 2, 2, 2, 2, 2, 2, 2, 2]",-100,-3312,"[-1, -1, -1, 10]","[0, 2, 2, 4]",7,-2921,"[-10, -10, -10, -10, -10, -10, -10, -10, -10, -10]","[1, 1, 1, 1, 1, 1, 1, 1, 1, 1]",-100,-2596,"[-1, -1, -1, 10]","[0, 2, 2, 4]",7,-3222
"[-1, -10, -10, -10, -10, -10, -10, -10, -10, -10]","[0, 1, 1, 1, 1, 1, 1, 1, 1, 1]",-91,-2306,"[-1, -1, -1, -1, -1, -10, -10, -10, -10, -10]","[0, 2, 2, 1, 5, 1, 1, 1, 1, 1]",-55,-3367,"[-1, -1, 10]","[0, 2, 4]",8,-2913,"[-1, -1, 10]","[0, 2, 4]",8,-2588,"[-1, -1, -1, -1, -1, 10]","[0, 2, 2, 1, 5, 4]",5,-3217
"[-1, -1, 10]","[0, 2, 4]",8,-2298,"[-1, -1, -1, -1, -10, -10, -10, -10, -10, -10]","[0, 2, 1, 5, 1, 1, 1, 1, 1, 1]",-64,-3431,"[-10, -10, -10, -10, -10, -10, -10, -10, -10, -10]","[2, 2, 2, 2, 2, 2, 2, 2, 2, 2]",-100,-3013,"[-1, -1, 10]","[0, 2, 4]",8,-2580,"[-1, -10, -10, -10, -10, -10, -10, -10, -10, -10]","[0, 1, 1, 1, 1, 1, 1, 1, 1, 1]",-91,-3308
"[-1, -1, -1, 10]","[0, 2, 2, 4]",7,-2291,"[-10, -10, -10, -10, -10, -10, -10, -10, -10, -10]","[3, 3, 3, 3, 3, 3, 3, 3, 3, 3]",-100,-3531,"[-1, -1, -1, -1, -10, -10, -10, -10, -10, -10]","[0, 2, 1, 5, 1, 1, 1, 1, 1, 1]",-64,-3077,"[-10, -10, -10, -10, -10, -10, -10, -10, -10, -10]","[1, 1, 1, 1, 1, 1, 1, 1, 1, 1]",-100,-2680,"[-1, -1, -1, 10]","[0, 2, 2, 4]",7,-3301
"[-1, -1, -1, 10]","[0, 2, 2, 4]",7,-2284,"[-10, -10, -10, -10, -10, -10, -10, -10, -10, -10]","[3, 3, 3, 3, 3, 3, 3, 3, 3, 3]",-100,-3631,"[-1, -1, -1, 10]","[0, 2, 2, 4]",7,-3070,"[-1, -1, -1, 10]","[0, 2, 2, 4]",7,-2673,"[-10, -10, -10, -10, -10, -10, -10, -10, -10, -10]","[3, 3, 3, 3, 3, 3, 3, 3, 3, 3]",-100,-3401
"[-1, -1, -1, -10, -10, -10, -10, -10, -10, -10]","[0, 2, 2, 1, 1, 1, 1, 1, 1, 1]",-73,-2357,"[-1, -1, -1, -1, 10]","[0, 2, 1, 5, 4]",6,-3625,"[-1, -1, -1, -1, -1, 10]","[0, 2, 2, 1, 5, 4]",5,-3065,"[-1, -1, -1, 10]","[0, 2, 2, 4]",7,-2666,"[-10, -10, -10, -10, -10, -10, -10, -10, -10, -10]","[2, 2, 2, 2, 2, 2, 2, 2, 2, 2]",-100,-3501
"[-10, -10, -10, -10, -10, -10, -10, -10, -10, -10]","[3, 3, 3, 3, 3, 3, 3, 3, 3, 3]",-100,-2457,"[-1, -1, -1, 10]","[0, 2, 2, 4]",7,-3618,"[-1, -1, -1, -1, 10]","[0, 2, 1, 5, 4]",6,-3059,"[-1, -1, 10]","[0, 2, 4]",8,-2658,"[-1, -1, -1, -10, -10, -10, -10, -10, -10, -10]","[0, 2, 2, 1, 1, 1, 1, 1, 1, 1]",-73,-3574
"[-1, -1, -1, 10]","[0, 2, 2, 4]",7,-2450,"[-1, -1, 10]","[0, 2, 4]",8,-3610,"[-1, -10, -10, -10, -10, -10, -10, -10, -10, -10]","[0, 1, 1, 1, 1, 1, 1, 1, 1, 1]",-91,-3150,"[-1, -10, -10, -10, -10, -10, -10, -10, -10, -10]","[0, 1, 1, 1, 1, 1, 1, 1, 1, 1]",-91,-2749,"[-1, -1, 10]","[0, 2, 4]",8,-3566
"[-1, -1, -1, -10, -10, -10, -10, -10, -10, -10]","[0, 2, 2, 1, 1, 1, 1, 1, 1, 1]",-73,-2523,"[-10, -10, -10, -10, -10, -10, -10, -10, -10, -10]","[3, 3, 3, 3, 3, 3, 3, 3, 3, 3]",-100,-3710,"[-10, -10, -10, -10, -10, -10, -10, -10, -10, -10]","[3, 3, 3, 3, 3, 3, 3, 3, 3, 3]",-100,-3250,"[-10, -10, -10, -10, -10, -10, -10, -10, -10, -10]","[1, 1, 1, 1, 1, 1, 1, 1, 1, 1]",-100,-2849,"[-1, -1, -10, -10, -10, -10, -10, -10, -10, -10]","[0, 2, 1, 1, 1, 1, 1, 1, 1, 1]",-82,-3648
"[-10, -10, -10, -10, -10, -10, -10, -10, -10, -10]","[3, 3, 3, 3, 3, 3, 3, 3, 3, 3]",-100,-2623,"[-10, -10, -10, -10, -10, -10, -10, -10, -10, -10]","[1, 1, 1, 1, 1, 1, 1, 1, 1, 1]",-100,-3810,"[-1, -1, -1, 10]","[0, 2, 2, 4]",7,-3243,"[-1, -1, -1, -1, -1, -10, -10, -10, -10, -10]","[0, 2, 2, 1, 5, 1, 1, 1, 1, 1]",-55,-2904,"[-10, -10, -10, -10, -10, -10, -10, -10, -10, -10]","[1, 1, 1, 1, 1, 1, 1, 1, 1, 1]",-100,-3748
"[-1, -1, -1, 10]","[0, 2, 2, 4]",7,-2616,"[-1, -1, -1, -1, 10]","[0, 2, 1, 5, 4]",6,-3804,"[-1, -10, -10, -10, -10, -10, -10, -10, -10, -10]","[0, 1, 1, 1, 1, 1, 1, 1, 1, 1]",-91,-3334,"[-1, -1, -10, -10, -10, -10, -10, -10, -10, -10]","[0, 2, 1, 1, 1, 1, 1, 1, 1, 1]",-82,-2986,"[-1, -1, -1, 10]","[0, 2, 2, 4]",7,-3741
"[-1, -1, -1, -1, -1, -10, -10, -10, -10, -10]","[0, 2, 2, 1, 5, 1, 1, 1, 1, 1]",-55,-2671,"[-1, -1, -1, -1, 10]","[0, 2, 1, 5, 4]",6,-3798,"[-1, -10, -10, -10, -10, -10, -10, -10, -10, -10]","[0, 1, 1, 1, 1, 1, 1, 1, 1, 1]",-91,-3425,"[-1, -1, -1, -1, -1, -10, -10, -10, -10, -10]","[0, 2, 2, 1, 5, 1, 1, 1, 1, 1]",-55,-3041,"[-10, -10, -10, -10, -10, -10, -10, -10, -10, -10]","[1, 1, 1, 1, 1, 1, 1, 1, 1, 1]",-100,-3841
"[-1, -1, -1, 10]","[0, 2, 2, 4]",7,-2664,"[-10, -10, -10, -10, -10, -10, -10, -10, -10, -10]","[2, 2, 2, 2, 2, 2, 2, 2, 2, 2]",-100,-3898,"[-10, -10, -10, -10, -10, -10, -10, -10, -10, -10]","[2, 2, 2, 2, 2, 2, 2, 2, 2, 2]",-100,-3525,"[-10, -10, -10, -10, -10, -10, -10, -10, -10, -10]","[1, 1, 1, 1, 1, 1, 1, 1, 1, 1]",-100,-3141,"[-1, -1, -1, -1, -10, -10, -10, -10, -10, -10]","[0, 2, 1, 5, 1, 1, 1, 1, 1, 1]",-64,-3905
"[-1, -1, -1, -1, -1, 10]","[0, 2, 2, 1, 5, 4]",5,-2659,"[-1, -1, -1, -1, 10]","[0, 2, 1, 5, 4]",6,-3892,"[-1, -1, -10, -10, -10, -10, -10, -10, -10, -10]","[0, 2, 1, 1, 1, 1, 1, 1, 1, 1]",-82,-3607,"[-1, -1, 10]","[0, 2, 4]",8,-3133,"[-10, -10, -10, -10, -10, -10, -10, -10, -10, -10]","[1, 1, 1, 1, 1, 1, 1, 1, 1, 1]",-100,-4005
"[-1, -1, -1, 10]","[0, 1, 5, 4]",7,-2652,"[-10, -10, -10, -10, -10, -10, -10, -10, -10, -10]","[2, 2, 2, 2, 2, 2, 2, 2, 2, 2]",-100,-3992,"[-10, -10, -10, -10, -10, -10, -10, -10, -10, -10]","[3, 3, 3, 3, 3, 3, 3, 3, 3, 3]",-100,-3707,"[-10, -10, -10, -10, -10, -10, -10, -10, -10, -10]","[1, 1, 1, 1, 1, 1, 1, 1, 1, 1]",-100,-3233,"[-10, -10, -10, -10, -10, -10, -10, -10, -10, -10]","[1, 1, 1, 1, 1, 1, 1, 1, 1, 1]",-100,-4105
"[-10, -10, -10, -10, -10, -10, -10, -10, -10, -10]","[1, 1, 1, 1, 1, 1, 1, 1, 1, 1]",-100,-2752,"[-10, -10, -10, -10, -10, -10, -10, -10, -10, -10]","[1, 1, 1, 1, 1, 1, 1, 1, 1, 1]",-100,-4092,"[-1, -1, -1, 10]","[0, 2, 2, 4]",7,-3700,"[-1, -1, 10]","[0, 2, 4]",8,-3225,"[-1, -1, -1, -1, 10]","[0, 2, 1, 5, 4]",6,-4099
"[-10, -10, -10, -10, -10, -10, -10, -10, -10, -10]","[1, 1, 1, 1, 1, 1, 1, 1, 1, 1]",-100,-2852,"[-10, -10, -10, -10, -10, -10, -10, -10, -10, -10]","[3, 3, 3, 3, 3, 3, 3, 3, 3, 3]",-100,-4192,"[-1, -1, -10, -10, -10, -10, -10, -10, -10, -10]","[0, 2, 1, 1, 1, 1, 1, 1, 1, 1]",-82,-3782,"[-10, -10, -10, -10, -10, -10, -10, -10, -10, -10]","[1, 1, 1, 1, 1, 1, 1, 1, 1, 1]",-100,-3325,"[-1, -1, -10, -10, -10, -10, -10, -10, -10, -10]","[0, 2, 1, 1, 1, 1, 1, 1, 1, 1]",-82,-4181
"[-1, -1, -1, -1, 10]","[0, 2, 1, 5, 4]",6,-2846,"[-1, -1, 10]","[0, 2, 4]",8,-4184,"[-1, -1, -1, -1, 10]","[0, 2, 1, 5, 4]",6,-3776,"[-1, -1, -1, -10, -10, -10, -10, -10, -10, -10]","[0, 2, 2, 1, 1, 1, 1, 1, 1, 1]",-73,-3398,"[-10, -10, -10, -10, -10, -10, -10, -10, -10, -10]","[2, 2, 2, 2, 2, 2, 2, 2, 2, 2]",-100,-4281
"[-1, -1, -1, -10, -10, -10, -10, -10, -10, -10]","[0, 2, 2, 1, 1, 1, 1, 1, 1, 1]",-73,-2919,"[-10, -10, -10, -10, -10, -10, -10, -10, -10, -10]","[1, 1, 1, 1, 1, 1, 1, 1, 1, 1]",-100,-4284,"[-1, -10, -10, -10, -10, -10, -10, -10, -10, -10]","[0, 1, 1, 1, 1, 1, 1, 1, 1, 1]",-91,-3867,"[-1, -1, 10]","[0, 2, 4]",8,-3390,"[-1, -1, -1, -1, -1, 10]","[0, 2, 2, 1, 5, 4]",5,-4276
"[-1, -10, -10, -10, -10, -10, -10, -10, -10, -10]","[0, 1, 1, 1, 1, 1, 1, 1, 1, 1]",-91,-3010,"[-1, -10, -10, -10, -10, -10, -10, -10, -10, -10]","[0, 1, 1, 1, 1, 1, 1, 1, 1, 1]",-91,-4375,"[-10, -10, -10, -10, -10, -10, -10, -10, -10, -10]","[3, 3, 3, 3, 3, 3, 3, 3, 3, 3]",-100,-3967,"[-1, -1, -1, 10]","[0, 2, 2, 4]",7,-3383,"[-1, -10, -10, -10, -10, -10, -10, -10, -10, -10]","[0, 1, 1, 1, 1, 1, 1, 1, 1, 1]",-91,-4367
"[-10, -10, -10, -10, -10, -10, -10, -10, -10, -10]","[2, 2, 2, 2, 2, 2, 2, 2, 2, 2]",-100,-3110,"[-1, -1, -1, -1, -10, -10, -10, -10, -10, -10]","[0, 2, 1, 5, 1, 1, 1, 1, 1, 1]",-64,-4439,"[-1, -1, -1, -1, -1, -10, -10, -10, -10, -10]","[0, 2, 2, 1, 5, 1, 1, 1, 1, 1]",-55,-4022,"[-10, -10, -10, -10, -10, -10, -10, -10, -10, -10]","[2, 2, 2, 2, 2, 2, 2, 2, 2, 2]",-100,-3483,"[-1, -1, -1, 10]","[0, 1, 5, 4]",7,-4360
"[-1, -1, 10]","[0, 2, 4]",8,-3102,"[-1, -1, 10]","[0, 2, 4]",8,-4431,"[-10, -10, -10, -10, -10, -10, -10, -10, -10, -10]","[1, 1, 1, 1, 1, 1, 1, 1, 1, 1]",-100,-4122,"[-1, -1, -10, -10, -10, -10, -10, -10, -10, -10]","[0, 2, 1, 1, 1, 1, 1, 1, 1, 1]",-82,-3565,"[-1, -1, -1, 10]","[0, 2, 2, 4]",7,-4353
"[-1, -1, 10]","[0, 2, 4]",8,-3094,"[-1, -1, -1, -1, -10, -10, -10, -10, -10, -10]","[0, 2, 1, 5, 1, 1, 1, 1, 1, 1]",-64,-4495,"[-1, -1, -1, -10, -10, -10, -10, -10, -10, -10]","[0, 1, 5, 1, 1, 1, 1, 1, 1, 1]",-73,-4195,"[-10, -10, -10, -10, -10, -10, -10, -10, -10, -10]","[1, 1, 1, 1, 1, 1, 1, 1, 1, 1]",-100,-3665,"[-1, -1, -1, 10]","[0, 2, 2, 4]",7,-4346
"[-10, -10, -10, -10, -10, -10, -10, -10, -10, -10]","[1, 1, 1, 1, 1, 1, 1, 1, 1, 1]",-100,-3194,"[-1, -1, 10]","[0, 2, 4]",8,-4487,"[-1, -1, 10]","[0, 2, 4]",8,-4187,"[-1, -1, 10]","[0, 2, 4]",8,-3657,"[-1, -1, 10]","[0, 2, 4]",8,-4338
"[-1, -1, -1, -1, -1, -10, -10, -10, -10, -10]","[0, 2, 2, 1, 5, 1, 1, 1, 1, 1]",-55,-3249,"[-1, -1, -1, -10, -10, -10, -10, -10, -10, -10]","[0, 1, 5, 1, 1, 1, 1, 1, 1, 1]",-73,-4560,"[-1, -1, -1, 10]","[0, 2, 2, 4]",7,-4180,"[-10, -10, -10, -10, -10, -10, -10, -10, -10, -10]","[3, 3, 3, 3, 3, 3, 3, 3, 3, 3]",-100,-3757,"[-1, -1, -1, -1, -10, -10, -10, -10, -10, -10]","[0, 2, 1, 5, 1, 1, 1, 1, 1, 1]",-64,-4402
"[-10, -10, -10, -10, -10, -10, -10, -10, -10, -10]","[3, 3, 3, 3, 3, 3, 3, 3, 3, 3]",-100,-3349,"[-10, -10, -10, -10, -10, -10, -10, -10, -10, -10]","[1, 1, 1, 1, 1, 1, 1, 1, 1, 1]",-100,-4660,"[-1, -1, -10, -10, -10, -10, -10, -10, -10, -10]","[0, 2, 1, 1, 1, 1, 1, 1, 1, 1]",-82,-4262,"[-1, -1, 10]","[0, 2, 4]",8,-3749,"[-10, -10, -10, -10, -10, -10, -10, -10, -10, -10]","[3, 3, 3, 3, 3, 3, 3, 3, 3, 3]",-100,-4502
"[-10, -10, -10, -10, -10, -10, -10, -10, -10, -10]","[1, 1, 1, 1, 1, 1, 1, 1, 1, 1]",-100,-3449,"[-10, -10, -10, -10, -10, -10, -10, -10, -10, -10]","[1, 1, 1, 1, 1, 1, 1, 1, 1, 1]",-100,-4760,"[-10, -10, -10, -10, -10, -10, -10, -10, -10, -10]","[3, 3, 3, 3, 3, 3, 3, 3, 3, 3]",-100,-4362,"[-1, -1, 10]","[0, 2, 4]",8,-3741,"[-10, -10, -10, -10, -10, -10, -10, -10, -10, -10]","[3, 3, 3, 3, 3, 3, 3, 3, 3, 3]",-100,-4602
"[-1, -1, -1, 10]","[0, 1, 5, 4]",7,-3442,"[-10, -10, -10, -10, -10, -10, -10, -10, -10, -10]","[2, 2, 2, 2, 2, 2, 2, 2, 2, 2]",-100,-4860,"[-10, -10, -10, -10, -10, -10, -10, -10, -10, -10]","[2, 2, 2, 2, 2, 2, 2, 2, 2, 2]",-100,-4462,"[-10, -10, -10, -10, -10, -10, -10, -10, -10, -10]","[2, 2, 2, 2, 2, 2, 2, 2, 2, 2]",-100,-3841,"[-1, -1, -1, -1, -10, -10, -10, -10, -10, -10]","[0, 2, 1, 5, 1, 1, 1, 1, 1, 1]",-64,-4666
"[-1, -1, -1, -10, -10, -10, -10, -10, -10, -10]","[0, 1, 5, 1, 1, 1, 1, 1, 1, 1]",-73,-3515,"[-1, -1, -10, -10, -10, -10, -10, -10, -10, -10]","[0, 2, 1, 1, 1, 1, 1, 1, 1, 1]",-82,-4942,"[-10, -10, -10, -10, -10, -10, -10, -10, -10, -10]","[1, 1, 1, 1, 1, 1, 1, 1, 1, 1]",-100,-4562,"[-1, -1, 10]","[0, 2, 4]",8,-3833,"[-1, -10, -10, -10, -10, -10, -10, -10, -10, -10]","[0, 1, 1, 1, 1, 1, 1, 1, 1, 1]",-91,-4757
"[-10, -10, -10, -10, -10, -10, -10, -10, -10, -10]","[2, 2, 2, 2, 2, 2, 2, 2, 2, 2]",-100,-3615,"[-1, -1, -10, -10, -10, -10, -10, -10, -10, -10]","[0, 2, 1, 1, 1, 1, 1, 1, 1, 1]",-82,-5024,"[-1, -1, -1, -1, -10, -10, -10, -10, -10, -10]","[0, 2, 1, 5, 1, 1, 1, 1, 1, 1]",-64,-4626,"[-10, -10, -10, -10, -10, -10, -10, -10, -10, -10]","[3, 3, 3, 3, 3, 3, 3, 3, 3, 3]",-100,-3933,"[-1, -1, -10, -10, -10, -10, -10, -10, -10, -10]","[0, 2, 1, 1, 1, 1, 1, 1, 1, 1]",-82,-4839
"[-1, -1, -1, -1, -1, -10, -10, -10, -10, -10]","[0, 2, 2, 1, 5, 1, 1, 1, 1, 1]",-55,-3670,"[-10, -10, -10, -10, -10, -10, -10, -10, -10, -10]","[2, 2, 2, 2, 2, 2, 2, 2, 2, 2]",-100,-5124,"[-1, -1, -1, -1, -1, -10, -10, -10, -10, -10]","[0, 2, 2, 1, 5, 1, 1, 1, 1, 1]",-55,-4681,"[-10, -10, -10, -10, -10, -10, -10, -10, -10, -10]","[3, 3, 3, 3, 3, 3, 3, 3, 3, 3]",-100,-4033,"[-10, -10, -10, -10, -10, -10, -10, -10, -10, -10]","[2, 2, 2, 2, 2, 2, 2, 2, 2, 2]",-100,-4939
"[-10, -10, -10, -10, -10, -10, -10, -10, -10, -10]","[2, 2, 2, 2, 2, 2, 2, 2, 2, 2]",-100,-3770,"[-1, -1, -1, -10, -10, -10, -10, -10, -10, -10]","[0, 2, 2, 1, 1, 1, 1, 1, 1, 1]",-73,-5197,"[-10, -10, -10, -10, -10, -10, -10, -10, -10, -10]","[1, 1, 1, 1, 1, 1, 1, 1, 1, 1]",-100,-4781,"[-10, -10, -10, -10, -10, -10, -10, -10, -10, -10]","[3, 3, 3, 3, 3, 3, 3, 3, 3, 3]",-100,-4133,"[-1, -1, -1, -10, -10, -10, -10, -10, -10, -10]","[0, 2, 2, 1, 1, 1, 1, 1, 1, 1]",-73,-5012
"[-1, -1, -1, -1, 10]","[0, 2, 1, 5, 4]",6,-3764,"[-1, -1, -1, -1, 10]","[0, 2, 1, 5, 4]",6,-5191,"[-10, -10, -10, -10, -10, -10, -10, -10, -10, -10]","[3, 3, 3, 3, 3, 3, 3, 3, 3, 3]",-100,-4881,"[-1, -1, -1, -10, -10, -10, -10, -10, -10, -10]","[0, 1, 5, 1, 1, 1, 1, 1, 1, 1]",-73,-4206,"[-10, -10, -10, -10, -10, -10, -10, -10, -10, -10]","[3, 3, 3, 3, 3, 3, 3, 3, 3, 3]",-100,-5112
"[-10, -10, -10, -10, -10, -10, -10, -10, -10, -10]","[3, 3, 3, 3, 3, 3, 3, 3, 3, 3]",-100,-3864,"[-1, -10, -10, -10, -10, -10, -10, -10, -10, -10]","[0, 1, 1, 1, 1, 1, 1, 1, 1, 1]",-91,-5282,"[-10, -10, -10, -10, -10, -10, -10, -10, -10, -10]","[3, 3, 3, 3, 3, 3, 3, 3, 3, 3]",-100,-4981,"[-10, -10, -10, -10, -10, -10, -10, -10, -10, -10]","[2, 2, 2, 2, 2, 2, 2, 2, 2, 2]",-100,-4306,"[-10, -10, -10, -10, -10, -10, -10, -10, -10, -10]","[2, 2, 2, 2, 2, 2, 2, 2, 2, 2]",-100,-5212
"[-10, -10, -10, -10, -10, -10, -10, -10, -10, -10]","[3, 3, 3, 3, 3, 3, 3, 3, 3, 3]",-100,-3964,"[-10, -10, -10, -10, -10, -10, -10, -10, -10, -10]","[2, 2, 2, 2, 2, 2, 2, 2, 2, 2]",-100,-5382,"[-1, -1, 10]","[0, 2, 4]",8,-4973,"[-1, -1, -1, -1, -1, -10, -10, -10, -10, -10]","[0, 2, 2, 1, 5, 1, 1, 1, 1, 1]",-55,-4361,"[-1, -1, -1, -10, -10, -10, -10, -10, -10, -10]","[0, 2, 2, 1, 1, 1, 1, 1, 1, 1]",-73,-5285
"[-1, -1, -1, -1, -1, 10]","[0, 2, 2, 1, 5, 4]",5,-3959,"[-10, -10, -10, -10, -10, -10, -10, -10, -10, -10]","[2, 2, 2, 2, 2, 2, 2, 2, 2, 2]",-100,-5482,"[-1, -1, -1, -10, -10, -10, -10, -10, -10, -10]","[0, 1, 5, 1, 1, 1, 1, 1, 1, 1]",-73,-5046,"[-10, -10, -10, -10, -10, -10, -10, -10, -10, -10]","[1, 1, 1, 1, 1, 1, 1, 1, 1, 1]",-100,-4461,"[-1, -1, -1, 10]","[0, 1, 5, 4]",7,-5278
"[-1, -1, -1, -1, -10, -10, -10, -10, -10, -10]","[0, 2, 1, 5, 1, 1, 1, 1, 1, 1]",-64,-4023,"[-10, -10, -10, -10, -10, -10, -10, -10, -10, -10]","[1, 1, 1, 1, 1, 1, 1, 1, 1, 1]",-100,-5582,"[-10, -10, -10, -10, -10, -10, -10, -10, -10, -10]","[1, 1, 1, 1, 1, 1, 1, 1, 1, 1]",-100,-5146,"[-1, -1, -1, -10, -10, -10, -10, -10, -10, -10]","[0, 2, 2, 1, 1, 1, 1, 1, 1, 1]",-73,-4534,"[-1, -1, -1, -1, -1, 10]","[0, 2, 2, 1, 5, 4]",5,-5273
"[-10, -10, -10, -10, -10, -10, -10, -10, -10, -10]","[1, 1, 1, 1, 1, 1, 1, 1, 1, 1]",-100,-4123,"[-10, -10, -10, -10, -10, -10, -10, -10, -10, -10]","[2, 2, 2, 2, 2, 2, 2, 2, 2, 2]",-100,-5682,"[-1, -1, -1, -10, -10, -10, -10, -10, -10, -10]","[0, 1, 5, 1, 1, 1, 1, 1, 1, 1]",-73,-5219,"[-1, -1, -1, -10, -10, -10, -10, -10, -10, -10]","[0, 2, 2, 1, 1, 1, 1, 1, 1, 1]",-73,-4607,"[-1, -10, -10, -10, -10, -10, -10, -10, -10, -10]","[0, 1, 1, 1, 1, 1, 1, 1, 1, 1]",-91,-5364
"[-1, -1, 10]","[0, 2, 4]",8,-4115,"[-1, -1, -1, 10]","[0, 2, 2, 4]",7,-5675,"[-1, -1, -1, -10, -10, -10, -10, -10, -10, -10]","[0, 2, 2, 1, 1, 1, 1, 1, 1, 1]",-73,-5292,"[-10, -10, -10, -10, -10, -10, -10, -10, -10, -10]","[2, 2, 2, 2, 2, 2, 2, 2, 2, 2]",-100,-4707,"[-1, -1, -1, 10]","[0, 2, 2, 4]",7,-5357
"[-1, -1, 10]","[0, 2, 4]",8,-4107,"[-1, -1, -1, 10]","[0, 2, 2, 4]",7,-5668,"[-10, -10, -10, -10, -10, -10, -10, -10, -10, -10]","[3, 3, 3, 3, 3, 3, 3, 3, 3, 3]",-100,-5392,"[-1, -1, -1, 10]","[0, 2, 2, 4]",7,-4700,"[-1, -1, -1, 10]","[0, 2, 2, 4]",7,-5350
"[-1, -1, -1, -1, 10]","[0, 2, 1, 5, 4]",6,-4101,"[-10, -10, -10, -10, -10, -10, -10, -10, -10, -10]","[1, 1, 1, 1, 1, 1, 1, 1, 1, 1]",-100,-5768,"[-1, -1, -1, -1, -1, -10, -10, -10, -10, -10]","[0, 2, 2, 1, 5, 1, 1, 1, 1, 1]",-55,-5447,"[-1, -1, -1, -1, -10, -10, -10, -10, -10, -10]","[0, 2, 1, 5, 1, 1, 1, 1, 1, 1]",-64,-4764,"[-1, -1, -1, -1, 10]","[0, 2, 1, 5, 4]",6,-5344
"[-10, -10, -10, -10, -10, -10, -10, -10, -10, -10]","[2, 2, 2, 2, 2, 2, 2, 2, 2, 2]",-100,-4201,"[-1, -1, -1, -10, -10, -10, -10, -10, -10, -10]","[0, 2, 2, 1, 1, 1, 1, 1, 1, 1]",-73,-5841,"[-1, -1, 10]","[0, 2, 4]",8,-5439,"[-10, -10, -10, -10, -10, -10, -10, -10, -10, -10]","[2, 2, 2, 2, 2, 2, 2, 2, 2, 2]",-100,-4864,"[-1, -1, 10]","[0, 2, 4]",8,-5336
"[-10, -10, -10, -10, -10, -10, -10, -10, -10, -10]","[1, 1, 1, 1, 1, 1, 1, 1, 1, 1]",-100,-4301,"[-1, -1, -1, -10, -10, -10, -10, -10, -10, -10]","[0, 2, 2, 1, 1, 1, 1, 1, 1, 1]",-73,-5914,"[-1, -1, -1, -10, -10, -10, -10, -10, -10, -10]","[0, 1, 5, 1, 1, 1, 1, 1, 1, 1]",-73,-5512,"[-10, -10, -10, -10, -10, -10, -10, -10, -10, -10]","[2, 2, 2, 2, 2, 2, 2, 2, 2, 2]",-100,-4964,"[-1, -1, -1, -1, -1, -10, -10, -10, -10, -10]","[0, 2, 2, 1, 5, 1, 1, 1, 1, 1]",-55,-5391
"[-10, -10, -10, -10, -10, -10, -10, -10, -10, -10]","[3, 3, 3, 3, 3, 3, 3, 3, 3, 3]",-100,-4401,"[-10, -10, -10, -10, -10, -10, -10, -10, -10, -10]","[1, 1, 1, 1, 1, 1, 1, 1, 1, 1]",-100,-6014,"[-1, -1, -10, -10, -10, -10, -10, -10, -10, -10]","[0, 2, 1, 1, 1, 1, 1, 1, 1, 1]",-82,-5594,"[-10, -10, -10, -10, -10, -10, -10, -10, -10, -10]","[2, 2, 2, 2, 2, 2, 2, 2, 2, 2]",-100,-5064,"[-1, -1, -1, -10, -10, -10, -10, -10, -10, -10]","[0, 1, 5, 1, 1, 1, 1, 1, 1, 1]",-73,-5464
"[-1, -1, -1, -1, -1, -10, -10, -10, -10, -10]","[0, 2, 2, 1, 5, 1, 1, 1, 1, 1]",-55,-4456,"[-10, -10, -10, -10, -10, -10, -10, -10, -10, -10]","[2, 2, 2, 2, 2, 2, 2, 2, 2, 2]",-100,-6114,"[-1, -1, -10, -10, -10, -10, -10, -10, -10, -10]","[0, 2, 1, 1, 1, 1, 1, 1, 1, 1]",-82,-5676,"[-10, -10, -10, -10, -10, -10, -10, -10, -10, -10]","[1, 1, 1, 1, 1, 1, 1, 1, 1, 1]",-100,-5164,"[-1, -1, -1, -10, -10, -10, -10, -10, -10, -10]","[0, 2, 2, 1, 1, 1, 1, 1, 1, 1]",-73,-5537
"[-10, -10, -10, -10, -10, -10, -10, -10, -10, -10]","[3, 3, 3, 3, 3, 3, 3, 3, 3, 3]",-100,-4556,"[-1, -1, -1, 10]","[0, 2, 2, 4]",7,-6107,"[-10, -10, -10, -10, -10, -10, -10, -10, -10, -10]","[1, 1, 1, 1, 1, 1, 1, 1, 1, 1]",-100,-5776,"[-10, -10, -10, -10, -10, -10, -10, -10, -10, -10]","[3, 3, 3, 3, 3, 3, 3, 3, 3, 3]",-100,-5264,"[-1, -1, -1, -1, 10]","[0, 2, 1, 5, 4]",6,-5531
"[-1, -1, -1, 10]","[0, 1, 5, 4]",7,-4549,"[-10, -10, -10, -10, -10, -10, -10, -10, -10, -10]","[3, 3, 3, 3, 3, 3, 3, 3, 3, 3]",-100,-6207,"[-10, -10, -10, -10, -10, -10, -10, -10, -10, -10]","[2, 2, 2, 2, 2, 2, 2, 2, 2, 2]",-100,-5876,"[-1, -1, -1, -1, -1, 10]","[0, 2, 2, 1, 5, 4]",5,-5259,"[-1, -1, -10, -10, -10, -10, -10, -10, -10, -10]","[0, 2, 1, 1, 1, 1, 1, 1, 1, 1]",-82,-5613
"[-10, -10, -10, -10, -10, -10, -10, -10, -10, -10]","[1, 1, 1, 1, 1, 1, 1, 1, 1, 1]",-100,-4649,"[-1, -1, -1, -1, -10, -10, -10, -10, -10, -10]","[0, 2, 1, 5, 1, 1, 1, 1, 1, 1]",-64,-6271,"[-10, -10, -10, -10, -10, -10, -10, -10, -10, -10]","[3, 3, 3, 3, 3, 3, 3, 3, 3, 3]",-100,-5976,"[-10, -10, -10, -10, -10, -10, -10, -10, -10, -10]","[1, 1, 1, 1, 1, 1, 1, 1, 1, 1]",-100,-5359,"[-10, -10, -10, -10, -10, -10, -10, -10, -10, -10]","[2, 2, 2, 2, 2, 2, 2, 2, 2, 2]",-100,-5713
"[-10, -10, -10, -10, -10, -10, -10, -10, -10, -10]","[3, 3, 3, 3, 3, 3, 3, 3, 3, 3]",-100,-4749,"[-1, -1, -1, -10, -10, -10, -10, -10, -10, -10]","[0, 1, 5, 1, 1, 1, 1, 1, 1, 1]",-73,-6344,"[-1, -1, 10]","[0, 2, 4]",8,-5968,"[-1, -1, -10, -10, -10, -10, -10, -10, -10, -10]","[0, 2, 1, 1, 1, 1, 1, 1, 1, 1]",-82,-5441,"[-1, -1, 10]","[0, 2, 4]",8,-5705
"[-1, -1, -1, -1, 10]","[0, 2, 1, 5, 4]",6,-4743,"[-1, -10, -10, -10, -10, -10, -10, -10, -10, -10]","[0, 1, 1, 1, 1, 1, 1, 1, 1, 1]",-91,-6435,"[-1, -1, -1, -10, -10, -10, -10, -10, -10, -10]","[0, 1, 5, 1, 1, 1, 1, 1, 1, 1]",-73,-6041,"[-10, -10, -10, -10, -10, -10, -10, -10, -10, -10]","[1, 1, 1, 1, 1, 1, 1, 1, 1, 1]",-100,-5541,"[-1, -1, -1, 10]","[0, 1, 5, 4]",7,-5698
"[-1, -1, -1, -1, -1, 10]","[0, 2, 2, 1, 5, 4]",5,-4738,"[-1, -1, -1, -1, 10]","[0, 2, 1, 5, 4]",6,-6429,"[-1, -10, -10, -10, -10, -10, -10, -10, -10, -10]","[0, 1, 1, 1, 1, 1, 1, 1, 1, 1]",-91,-6132,"[-10, -10, -10, -10, -10, -10, -10, -10, -10, -10]","[2, 2, 2, 2, 2, 2, 2, 2, 2, 2]",-100,-5641,"[-1, -1, -1, 10]","[0, 2, 2, 4]",7,-5691
"[-1, -1, -1, -1, -1, 10]","[0, 2, 2, 1, 5, 4]",5,-4733,"[-10, -10, -10, -10, -10, -10, -10, -10, -10, -10]","[2, 2, 2, 2, 2, 2, 2, 2, 2, 2]",-100,-6529,"[-10, -10, -10, -10, -10, -10, -10, -10, -10, -10]","[1, 1, 1, 1, 1, 1, 1, 1, 1, 1]",-100,-6232,"[-1, -1, -1, -1, -1, 10]","[0, 2, 2, 1, 5, 4]",5,-5636,"[-1, -1, -10, -10, -10, -10, -10, -10, -10, -10]","[0, 2, 1, 1, 1, 1, 1, 1, 1, 1]",-82,-5773
