0,1,2,3,4,5,6,7,8,9,10,11,12,13,14,15,16,17,18,19
"[-1, -1, -10, -10, -10, -10, -10, -10, -10, -10]","[0, 4, 0, 0, 0, 0, 0, 0, 0, 0]",-82,-82,"[-1, -10, -10, -10, -10, -10, -10, -10, -10, -10]","[0, 5, 5, 5, 5, 5, 5, 5, 5, 5]",-91,-91,"[-1, -1, 10]","[0, 2, 4]",8,8,"[-1, -1, 10]","[0, 2, 4]",8,8,"[-1, -1, 10]","[1, 5, 4]",8,8
"[-1, -1, 10]","[0, 2, 4]",8,-74,"[-1, -10, -10, -10, -10, -10, -10, -10, -10, -10]","[0, 5, 5, 5, 5, 5, 5, 5, 5, 5]",-91,-182,"[-1, -1, 10]","[0, 2, 4]",8,16,"[-1, -10, -10, -10, -10, -10, -10, -10, -10, -10]","[0, 0, 0, 0, 0, 0, 0, 0, 0, 0]",-91,-83,"[-1, -1, 10]","[1, 5, 4]",8,16
"[-1, -1, -1, -1, -1, 10]","[0, 4, 2, 4, 2, 4]",5,-69,"[-1, -1, -1, -1, -1, 10]","[0, 4, 2, 4, 2, 4]",5,-177,"[-10, -10, -10, -10, -10, -10, -10, -10, -10, -10]","[2, 2, 2, 2, 2, 2, 2, 2, 2, 2]",-100,-84,"[-10, -10, -10, -10, -10, -10, -10, -10, -10, -10]","[2, 2, 2, 2, 2, 2, 2, 2, 2, 2]",-100,-183,"[-1, -1, 10]","[1, 5, 4]",8,24
"[-1, -1, 10]","[0, 2, 4]",8,-61,"[-1, -1, -10, -10, -10, -10, -10, -10, -10, -10]","[0, 4, 0, 0, 0, 0, 0, 0, 0, 0]",-82,-259,"[-1, -10, -10, -10, -10, -10, -10, -10, -10, -10]","[0, 0, 0, 0, 0, 0, 0, 0, 0, 0]",-91,-175,"[-1, -10, -10, -10, -10, -10, -10, -10, -10, -10]","[0, 5, 5, 5, 5, 5, 5, 5, 5, 5]",-91,-274,"[-1, -1, 10]","[1, 5, 4]",8,32
"[-1, -1, 10]","[0, 2, 4]",8,-53,"[-10, -10, -10, -10, -10, -10, -10, -10, -10, -10]","[2, 2, 2, 2, 2, 2, 2, 2, 2, 2]",-100,-359,"[-10, -10, -10, -10, -10, -10, -10, -10, -10, -10]","[2, 2, 2, 2, 2, 2, 2, 2, 2, 2]",-100,-275,"[-10, -10, -10, -10, -10, -10, -10, -10, -10, -10]","[2, 2, 2, 2, 2, 2, 2, 2, 2, 2]",-100,-374,"[-1, -1, 10]","[0, 2, 4]",8,40
"[-1, -10, -10, -10, -10, -10, -10, -10, -10, -10]","[0, 0, 0, 0, 0, 0, 0, 0, 0, 0]",-91,-144,"[-1, -1, -1, -1, 10]","[0, 2, 4, 2, 4]",6,-353,"[-1, -1, -1, -1, -1, 10]","[0, 4, 2, 4, 2, 4]",5,-270,"[-1, -1, 10]","[0, 2, 4]",8,-366,"[-1, -1, -1, -1, -1, 10]","[0, 4, 2, 4, 2, 4]",5,45
"[-1, -1, -1, -1, 10]","[0, 2, 4, 2, 4]",6,-138,"[-1, -1, 10]","[0, 2, 4]",8,-345,"[-1, -1, -1, -1, 10]","[0, 2, 4, 2, 4]",6,-264,"[-1, -1, -1, 10]","[0, 4, 2, 4]",7,-359,"[-10, -10, -10, -10, -10, -10, -10, -10, -10, -10]","[2, 2, 2, 2, 2, 2, 2, 2, 2, 2]",-100,-55
"[-1, -1, 10]","[0, 2, 4]",8,-130,"[-1, -1, -1, -1, -1, 10]","[0, 4, 2, 4, 2, 4]",5,-340,"[-10, -10, -10, -10, -10, -10, -10, -10, -10, -10]","[2, 2, 2, 2, 2, 2, 2, 2, 2, 2]",-100,-364,"[-1, -1, 10]","[1, 5, 4]",8,-351,"[-10, -10, -10, -10, -10, -10, -10, -10, -10, -10]","[2, 2, 2, 2, 2, 2, 2, 2, 2, 2]",-100,-155
"[-1, -1, 10]","[1, 5, 4]",8,-122,"[-1, -1, 10]","[1, 5, 4]",8,-332,"[-1, -1, -10, -10, -10, -10, -10, -10, -10, -10]","[0, 4, 0, 0, 0, 0, 0, 0, 0, 0]",-82,-446,"[-1, -1, 10]","[0, 2, 4]",8,-343,"[-1, -1, -1, -1, -1, 10]","[0, 4, 2, 4, 2, 4]",5,-150
"[-1, -1, 10]","[1, 5, 4]",8,-114,"[-1, -1, 10]","[0, 2, 4]",8,-324,"[-1, -1, 10]","[1, 5, 4]",8,-438,"[-1, -1, 10]","[1, 5, 4]",8,-335,"[-1, -1, 10]","[1, 5, 4]",8,-142
"[-1, -1, -1, 10]","[0, 4, 2, 4]",7,-107,"[-1, -1, 10]","[0, 2, 4]",8,-316,"[-1, -10, -10, -10, -10, -10, -10, -10, -10, -10]","[0, 0, 0, 0, 0, 0, 0, 0, 0, 0]",-91,-529,"[-1, -1, 10]","[1, 5, 4]",8,-327,"[-1, -1, 10]","[0, 2, 4]",8,-134
"[-10, -10, -10, -10, -10, -10, -10, -10, -10, -10]","[2, 2, 2, 2, 2, 2, 2, 2, 2, 2]",-100,-207,"[-10, -10, -10, -10, -10, -10, -10, -10, -10, -10]","[2, 2, 2, 2, 2, 2, 2, 2, 2, 2]",-100,-416,"[-1, -1, -1, 10]","[0, 4, 2, 4]",7,-522,"[-1, -1, 10]","[1, 5, 4]",8,-319,"[-10, -10, -10, -10, -10, -10, -10, -10, -10, -10]","[2, 2, 2, 2, 2, 2, 2, 2, 2, 2]",-100,-234
"[-1, -1, 10]","[0, 2, 4]",8,-199,"[-10, -10, -10, -10, -10, -10, -10, -10, -10, -10]","[2, 2, 2, 2, 2, 2, 2, 2, 2, 2]",-100,-516,"[-10, -10, -10, -10, -10, -10, -10, -10, -10, -10]","[2, 2, 2, 2, 2, 2, 2, 2, 2, 2]",-100,-622,"[-1, -1, -1, -1, -1, 10]","[0, 4, 2, 4, 2, 4]",5,-314,"[-1, -1, -1, 10]","[0, 4, 2, 4]",7,-227
"[-1, -1, 10]","[1, 5, 4]",8,-191,"[-1, -1, 10]","[0, 2, 4]",8,-508,"[-1, -1, 10]","[1, 5, 4]",8,-614,"[-10, -10, -10, -10, -10, -10, -10, -10, -10, -10]","[2, 2, 2, 2, 2, 2, 2, 2, 2, 2]",-100,-414,"[-1, -1, 10]","[1, 5, 4]",8,-219
"[-1, -1, 10]","[0, 2, 4]",8,-183,"[-10, -10, -10, -10, -10, -10, -10, -10, -10, -10]","[2, 2, 2, 2, 2, 2, 2, 2, 2, 2]",-100,-608,"[-1, -1, 10]","[0, 2, 4]",8,-606,"[-1, -1, 10]","[1, 5, 4]",8,-406,"[-1, -10, -10, -10, -10, -10, -10, -10, -10, -10]","[0, 0, 0, 0, 0, 0, 0, 0, 0, 0]",-91,-310
"[-10, -10, -10, -10, -10, -10, -10, -10, -10, -10]","[2, 2, 2, 2, 2, 2, 2, 2, 2, 2]",-100,-283,"[-1, -1, 10]","[0, 2, 4]",8,-600,"[-1, -1, 10]","[0, 2, 4]",8,-598,"[-1, -10, -10, -10, -10, -10, -10, -10, -10, -10]","[0, 0, 0, 0, 0, 0, 0, 0, 0, 0]",-91,-497,"[-1, -1, 10]","[1, 5, 4]",8,-302
"[-1, -1, -10, -10, -10, -10, -10, -10, -10, -10]","[0, 4, 0, 0, 0, 0, 0, 0, 0, 0]",-82,-365,"[-1, -10, -10, -10, -10, -10, -10, -10, -10, -10]","[0, 5, 5, 5, 5, 5, 5, 5, 5, 5]",-91,-691,"[-1, -1, -10, -10, -10, -10, -10, -10, -10, -10]","[0, 4, 0, 0, 0, 0, 0, 0, 0, 0]",-82,-680,"[-1, -1, -1, 10]","[0, 4, 2, 4]",7,-490,"[-10, -10, -10, -10, -10, -10, -10, -10, -10, -10]","[2, 2, 2, 2, 2, 2, 2, 2, 2, 2]",-100,-402
"[-1, -1, -1, 10]","[0, 4, 2, 4]",7,-358,"[-10, -10, -10, -10, -10, -10, -10, -10, -10, -10]","[2, 2, 2, 2, 2, 2, 2, 2, 2, 2]",-100,-791,"[-1, -1, 10]","[0, 2, 4]",8,-672,"[-1, -1, 10]","[1, 5, 4]",8,-482,"[-1, -1, 10]","[1, 5, 4]",8,-394
"[-1, -10, -10, -10, -10, -10, -10, -10, -10, -10]","[0, 0, 0, 0, 0, 0, 0, 0, 0, 0]",-91,-449,"[-1, -1, 10]","[0, 2, 4]",8,-783,"[-1, -1, -1, -1, -1, 10]","[0, 4, 2, 4, 2, 4]",5,-667,"[-10, -10, -10, -10, -10, -10, -10, -10, -10, -10]","[2, 2, 2, 2, 2, 2, 2, 2, 2, 2]",-100,-582,"[-1, -1, -1, 10]","[0, 4, 2, 4]",7,-387
"[-10, -10, -10, -10, -10, -10, -10, -10, -10, -10]","[2, 2, 2, 2, 2, 2, 2, 2, 2, 2]",-100,-549,"[-1, -1, 10]","[0, 2, 4]",8,-775,"[-1, -1, -10, -10, -10, -10, -10, -10, -10, -10]","[0, 4, 0, 0, 0, 0, 0, 0, 0, 0]",-82,-749,"[-1, -1, -1, -1, 10]","[0, 2, 4, 2, 4]",6,-576,"[-10, -10, -10, -10, -10, -10, -10, -10, -10, -10]","[2, 2, 2, 2, 2, 2, 2, 2, 2, 2]",-100,-487
"[-1, -1, 10]","[0, 2, 4]",8,-541,"[-1, -1, -1, -1, -1, 10]","[0, 4, 2, 4, 2, 4]",5,-770,"[-1, -1, -1, 10]","[0, 4, 2, 4]",7,-742,"[-1, -1, -1, -1, 10]","[0, 2, 4, 2, 4]",6,-570,"[-1, -1, 10]","[1, 5, 4]",8,-479
"[-1, -1, 10]","[0, 2, 4]",8,-533,"[-1, -1, 10]","[1, 5, 4]",8,-762,"[-1, -1, 10]","[0, 2, 4]",8,-734,"[-1, -1, -10, -10, -10, -10, -10, -10, -10, -10]","[0, 4, 0, 0, 0, 0, 0, 0, 0, 0]",-82,-652,"[-10, -10, -10, -10, -10, -10, -10, -10, -10, -10]","[2, 2, 2, 2, 2, 2, 2, 2, 2, 2]",-100,-579
"[-1, -10, -10, -10, -10, -10, -10, -10, -10, -10]","[0, 0, 0, 0, 0, 0, 0, 0, 0, 0]",-91,-624,"[-1, -1, -1, 10]","[0, 4, 2, 4]",7,-755,"[-10, -10, -10, -10, -10, -10, -10, -10, -10, -10]","[2, 2, 2, 2, 2, 2, 2, 2, 2, 2]",-100,-834,"[-1, -1, -10, -10, -10, -10, -10, -10, -10, -10]","[0, 4, 0, 0, 0, 0, 0, 0, 0, 0]",-82,-734,"[-1, -1, -10, -10, -10, -10, -10, -10, -10, -10]","[0, 4, 0, 0, 0, 0, 0, 0, 0, 0]",-82,-661
"[-10, -10, -10, -10, -10, -10, -10, -10, -10, -10]","[2, 2, 2, 2, 2, 2, 2, 2, 2, 2]",-100,-724,"[-1, -1, 10]","[1, 5, 4]",8,-747,"[-10, -10, -10, -10, -10, -10, -10, -10, -10, -10]","[2, 2, 2, 2, 2, 2, 2, 2, 2, 2]",-100,-934,"[-10, -10, -10, -10, -10, -10, -10, -10, -10, -10]","[2, 2, 2, 2, 2, 2, 2, 2, 2, 2]",-100,-834,"[-1, -1, 10]","[1, 5, 4]",8,-653
"[-10, -10, -10, -10, -10, -10, -10, -10, -10, -10]","[2, 2, 2, 2, 2, 2, 2, 2, 2, 2]",-100,-824,"[-1, -1, -1, 10]","[0, 4, 2, 4]",7,-740,"[-1, -10, -10, -10, -10, -10, -10, -10, -10, -10]","[0, 0, 0, 0, 0, 0, 0, 0, 0, 0]",-91,-1025,"[-1, -1, -1, -1, -1, 10]","[0, 4, 2, 4, 2, 4]",5,-829,"[-1, -1, -1, 10]","[0, 4, 2, 4]",7,-646
"[-1, -1, 10]","[0, 2, 4]",8,-816,"[-1, -1, 10]","[0, 2, 4]",8,-732,"[-1, -1, 10]","[0, 2, 4]",8,-1017,"[-1, -1, 10]","[1, 5, 4]",8,-821,"[-1, -10, -10, -10, -10, -10, -10, -10, -10, -10]","[0, 0, 0, 0, 0, 0, 0, 0, 0, 0]",-91,-737
"[-1, -1, 10]","[0, 2, 4]",8,-808,"[-1, -1, 10]","[1, 5, 4]",8,-724,"[-1, -1, -1, 10]","[0, 4, 2, 4]",7,-1010,"[-1, -1, 10]","[1, 5, 4]",8,-813,"[-1, -1, 10]","[1, 5, 4]",8,-729
"[-1, -1, 10]","[0, 2, 4]",8,-800,"[-10, -10, -10, -10, -10, -10, -10, -10, -10, -10]","[2, 2, 2, 2, 2, 2, 2, 2, 2, 2]",-100,-824,"[-1, -1, -1, 10]","[0, 4, 2, 4]",7,-1003,"[-1, -1, 10]","[1, 5, 4]",8,-805,"[-1, -1, 10]","[1, 5, 4]",8,-721
"[-1, -1, 10]","[1, 5, 4]",8,-792,"[-1, -1, -1, -1, -1, 10]","[0, 4, 2, 4, 2, 4]",5,-819,"[-1, -1, 10]","[0, 2, 4]",8,-995,"[-10, -10, -10, -10, -10, -10, -10, -10, -10, -10]","[2, 2, 2, 2, 2, 2, 2, 2, 2, 2]",-100,-905,"[-1, -1, -10, -10, -10, -10, -10, -10, -10, -10]","[0, 4, 0, 0, 0, 0, 0, 0, 0, 0]",-82,-803
"[-1, -1, 10]","[0, 2, 4]",8,-784,"[-10, -10, -10, -10, -10, -10, -10, -10, -10, -10]","[2, 2, 2, 2, 2, 2, 2, 2, 2, 2]",-100,-919,"[-1, -1, 10]","[0, 2, 4]",8,-987,"[-1, -1, 10]","[1, 5, 4]",8,-897,"[-1, -1, -1, -1, 10]","[0, 2, 4, 2, 4]",6,-797
"[-1, -1, -1, -1, 10]","[0, 2, 4, 2, 4]",6,-778,"[-10, -10, -10, -10, -10, -10, -10, -10, -10, -10]","[2, 2, 2, 2, 2, 2, 2, 2, 2, 2]",-100,-1019,"[-1, -1, 10]","[1, 5, 4]",8,-979,"[-10, -10, -10, -10, -10, -10, -10, -10, -10, -10]","[2, 2, 2, 2, 2, 2, 2, 2, 2, 2]",-100,-997,"[-1, -1, -10, -10, -10, -10, -10, -10, -10, -10]","[0, 4, 0, 0, 0, 0, 0, 0, 0, 0]",-82,-879
"[-10, -10, -10, -10, -10, -10, -10, -10, -10, -10]","[2, 2, 2, 2, 2, 2, 2, 2, 2, 2]",-100,-878,"[-1, -1, 10]","[1, 5, 4]",8,-1011,"[-10, -10, -10, -10, -10, -10, -10, -10, -10, -10]","[2, 2, 2, 2, 2, 2, 2, 2, 2, 2]",-100,-1079,"[-1, -1, -1, -1, -1, 10]","[0, 4, 2, 4, 2, 4]",5,-992,"[-1, -1, 10]","[1, 5, 4]",8,-871
"[-1, -10, -10, -10, -10, -10, -10, -10, -10, -10]","[0, 0, 0, 0, 0, 0, 0, 0, 0, 0]",-91,-969,"[-10, -10, -10, -10, -10, -10, -10, -10, -10, -10]","[2, 2, 2, 2, 2, 2, 2, 2, 2, 2]",-100,-1111,"[-1, -1, -1, 10]","[0, 4, 2, 4]",7,-1072,"[-1, -1, 10]","[1, 5, 4]",8,-984,"[-1, -1, 10]","[0, 2, 4]",8,-863
"[-1, -1, 10]","[0, 2, 4]",8,-961,"[-1, -1, 10]","[1, 5, 4]",8,-1103,"[-10, -10, -10, -10, -10, -10, -10, -10, -10, -10]","[2, 2, 2, 2, 2, 2, 2, 2, 2, 2]",-100,-1172,"[-10, -10, -10, -10, -10, -10, -10, -10, -10, -10]","[2, 2, 2, 2, 2, 2, 2, 2, 2, 2]",-100,-1084,"[-1, -1, -1, -1, -1, 10]","[0, 4, 2, 4, 2, 4]",5,-858
"[-1, -1, 10]","[1, 5, 4]",8,-953,"[-1, -10, -10, -10, -10, -10, -10, -10, -10, -10]","[0, 0, 0, 0, 0, 0, 0, 0, 0, 0]",-91,-1194,"[-1, -1, 10]","[0, 2, 4]",8,-1164,"[-1, -1, -10, -10, -10, -10, -10, -10, -10, -10]","[0, 4, 0, 0, 0, 0, 0, 0, 0, 0]",-82,-1166,"[-1, -10, -10, -10, -10, -10, -10, -10, -10, -10]","[0, 1, 1, 1, 1, 1, 1, 1, 1, 1]",-91,-949
"[-1, -1, -1, -1, -1, 10]","[0, 4, 2, 4, 2, 4]",5,-948,"[-1, -1, 10]","[1, 5, 4]",8,-1186,"[-10, -10, -10, -10, -10, -10, -10, -10, -10, -10]","[2, 2, 2, 2, 2, 2, 2, 2, 2, 2]",-100,-1264,"[-10, -10, -10, -10, -10, -10, -10, -10, -10, -10]","[2, 2, 2, 2, 2, 2, 2, 2, 2, 2]",-100,-1266,"[-1, -1, 10]","[1, 5, 4]",8,-941
"[-1, -1, 10]","[0, 2, 4]",8,-940,"[-1, -1, 10]","[1, 5, 4]",8,-1178,"[-1, -1, -1, -1, 10]","[0, 2, 4, 2, 4]",6,-1258,"[-1, -1, 10]","[0, 2, 4]",8,-1258,"[-1, -1, 10]","[1, 5, 4]",8,-933
"[-1, -1, 10]","[1, 5, 4]",8,-932,"[-1, -1, 10]","[1, 5, 4]",8,-1170,"[-1, -1, -10, -10, -10, -10, -10, -10, -10, -10]","[0, 4, 0, 0, 0, 0, 0, 0, 0, 0]",-82,-1340,"[-1, -1, 10]","[1, 5, 4]",8,-1250,"[-1, -1, -10, -10, -10, -10, -10, -10, -10, -10]","[0, 4, 0, 0, 0, 0, 0, 0, 0, 0]",-82,-1015
"[-1, -1, 10]","[1, 5, 4]",8,-924,"[-1, -1, -1, -1, -1, 10]","[0, 2, 2, 1, 5, 4]",5,-1165,"[-1, -1, 10]","[0, 2, 4]",8,-1332,"[-1, -1, 10]","[0, 2, 4]",8,-1242,"[-1, -1, 10]","[0, 2, 4]",8,-1007
"[-1, -10, -10, -10, -10, -10, -10, -10, -10, -10]","[0, 0, 0, 0, 0, 0, 0, 0, 0, 0]",-91,-1015,"[-10, -10, -10, -10, -10, -10, -10, -10, -10, -10]","[2, 2, 2, 2, 2, 2, 2, 2, 2, 2]",-100,-1265,"[-1, -1, 10]","[0, 2, 4]",8,-1324,"[-1, -1, 10]","[1, 5, 4]",8,-1234,"[-10, -10, -10, -10, -10, -10, -10, -10, -10, -10]","[2, 2, 2, 2, 2, 2, 2, 2, 2, 2]",-100,-1107
"[-1, -1, 10]","[1, 5, 4]",8,-1007,"[-1, -1, 10]","[0, 2, 4]",8,-1257,"[-1, -1, -1, -1, -1, 10]","[0, 4, 2, 4, 2, 4]",5,-1319,"[-1, -1, 10]","[1, 5, 4]",8,-1226,"[-10, -10, -10, -10, -10, -10, -10, -10, -10, -10]","[2, 2, 2, 2, 2, 2, 2, 2, 2, 2]",-100,-1207
"[-10, -10, -10, -10, -10, -10, -10, -10, -10, -10]","[2, 2, 2, 2, 2, 2, 2, 2, 2, 2]",-100,-1107,"[-1, -10, -10, -10, -10, -10, -10, -10, -10, -10]","[0, 0, 0, 0, 0, 0, 0, 0, 0, 0]",-91,-1348,"[-1, -1, -10, -10, -10, -10, -10, -10, -10, -10]","[0, 4, 0, 0, 0, 0, 0, 0, 0, 0]",-82,-1401,"[-1, -1, 10]","[0, 2, 4]",8,-1218,"[-10, -10, -10, -10, -10, -10, -10, -10, -10, -10]","[2, 2, 2, 2, 2, 2, 2, 2, 2, 2]",-100,-1307
"[-1, -1, 10]","[1, 5, 4]",8,-1099,"[-10, -10, -10, -10, -10, -10, -10, -10, -10, -10]","[2, 2, 2, 2, 2, 2, 2, 2, 2, 2]",-100,-1448,"[-10, -10, -10, -10, -10, -10, -10, -10, -10, -10]","[2, 2, 2, 2, 2, 2, 2, 2, 2, 2]",-100,-1501,"[-1, -1, 10]","[1, 5, 4]",8,-1210,"[-1, -1, 10]","[0, 2, 4]",8,-1299
"[-10, -10, -10, -10, -10, -10, -10, -10, -10, -10]","[2, 2, 2, 2, 2, 2, 2, 2, 2, 2]",-100,-1199,"[-1, -1, 10]","[1, 5, 4]",8,-1440,"[-10, -10, -10, -10, -10, -10, -10, -10, -10, -10]","[2, 2, 2, 2, 2, 2, 2, 2, 2, 2]",-100,-1601,"[-10, -10, -10, -10, -10, -10, -10, -10, -10, -10]","[2, 2, 2, 2, 2, 2, 2, 2, 2, 2]",-100,-1310,"[-1, -1, 10]","[1, 5, 4]",8,-1291
"[-1, -10, -10, -10, -10, -10, -10, -10, -10, -10]","[0, 0, 0, 0, 0, 0, 0, 0, 0, 0]",-91,-1290,"[-10, -10, -10, -10, -10, -10, -10, -10, -10, -10]","[2, 2, 2, 2, 2, 2, 2, 2, 2, 2]",-100,-1540,"[-1, -1, 10]","[1, 5, 4]",8,-1593,"[-1, -1, -1, -1, -1, 10]","[0, 4, 2, 4, 2, 4]",5,-1305,"[-1, -1, -1, -1, -1, 10]","[0, 2, 2, 1, 5, 4]",5,-1286
"[-1, -1, 10]","[0, 2, 4]",8,-1282,"[-1, -1, 10]","[0, 2, 4]",8,-1532,"[-10, -10, -10, -10, -10, -10, -10, -10, -10, -10]","[2, 2, 2, 2, 2, 2, 2, 2, 2, 2]",-100,-1693,"[-1, -1, -10, -10, -10, -10, -10, -10, -10, -10]","[0, 4, 0, 0, 0, 0, 0, 0, 0, 0]",-82,-1387,"[-1, -1, 10]","[1, 5, 4]",8,-1278
"[-10, -10, -10, -10, -10, -10, -10, -10, -10, -10]","[2, 2, 2, 2, 2, 2, 2, 2, 2, 2]",-100,-1382,"[-1, -10, -10, -10, -10, -10, -10, -10, -10, -10]","[0, 0, 0, 0, 0, 0, 0, 0, 0, 0]",-91,-1623,"[-1, -1, -1, -1, -1, 10]","[0, 4, 2, 4, 2, 4]",5,-1688,"[-1, -1, -10, -10, -10, -10, -10, -10, -10, -10]","[0, 4, 0, 0, 0, 0, 0, 0, 0, 0]",-82,-1469,"[-1, -1, 10]","[1, 5, 4]",8,-1270
"[-1, -1, 10]","[0, 2, 4]",8,-1374,"[-10, -10, -10, -10, -10, -10, -10, -10, -10, -10]","[2, 2, 2, 2, 2, 2, 2, 2, 2, 2]",-100,-1723,"[-10, -10, -10, -10, -10, -10, -10, -10, -10, -10]","[2, 2, 2, 2, 2, 2, 2, 2, 2, 2]",-100,-1788,"[-1, -10, -10, -10, -10, -10, -10, -10, -10, -10]","[0, 0, 0, 0, 0, 0, 0, 0, 0, 0]",-91,-1560,"[-1, -1, 10]","[0, 2, 4]",8,-1262
"[-1, -1, 10]","[0, 2, 4]",8,-1366,"[-1, -1, -1, -1, -1, 10]","[0, 4, 2, 4, 2, 4]",5,-1718,"[-1, -1, 10]","[0, 2, 4]",8,-1780,"[-10, -10, -10, -10, -10, -10, -10, -10, -10, -10]","[2, 2, 2, 2, 2, 2, 2, 2, 2, 2]",-100,-1660,"[-10, -10, -10, -10, -10, -10, -10, -10, -10, -10]","[2, 2, 2, 2, 2, 2, 2, 2, 2, 2]",-100,-1362
"[-10, -10, -10, -10, -10, -10, -10, -10, -10, -10]","[2, 2, 2, 2, 2, 2, 2, 2, 2, 2]",-100,-1466,"[-1, -1, 10]","[0, 2, 4]",8,-1710,"[-1, -1, 10]","[0, 2, 4]",8,-1772,"[-1, -1, 10]","[1, 5, 4]",8,-1652,"[-1, -1, -1, 10]","[0, 4, 2, 4]",7,-1355
"[-1, -1, -1, -1, -1, 10]","[0, 4, 2, 4, 2, 4]",5,-1461,"[-1, -1, 10]","[0, 2, 4]",8,-1702,"[-10, -10, -10, -10, -10, -10, -10, -10, -10, -10]","[2, 2, 2, 2, 2, 2, 2, 2, 2, 2]",-100,-1872,"[-1, -1, -10, -10, -10, -10, -10, -10, -10, -10]","[0, 4, 0, 0, 0, 0, 0, 0, 0, 0]",-82,-1734,"[-1, -1, 10]","[1, 5, 4]",8,-1347
"[-10, -10, -10, -10, -10, -10, -10, -10, -10, -10]","[2, 2, 2, 2, 2, 2, 2, 2, 2, 2]",-100,-1561,"[-1, -1, 10]","[0, 2, 4]",8,-1694,"[-1, -10, -10, -10, -10, -10, -10, -10, -10, -10]","[0, 1, 1, 1, 1, 1, 1, 1, 1, 1]",-91,-1963,"[-1, -1, 10]","[0, 2, 4]",8,-1726,"[-10, -10, -10, -10, -10, -10, -10, -10, -10, -10]","[2, 2, 2, 2, 2, 2, 2, 2, 2, 2]",-100,-1447
"[-10, -10, -10, -10, -10, -10, -10, -10, -10, -10]","[2, 2, 2, 2, 2, 2, 2, 2, 2, 2]",-100,-1661,"[-1, -1, -10, -10, -10, -10, -10, -10, -10, -10]","[0, 4, 0, 0, 0, 0, 0, 0, 0, 0]",-82,-1776,"[-10, -10, -10, -10, -10, -10, -10, -10, -10, -10]","[2, 2, 2, 2, 2, 2, 2, 2, 2, 2]",-100,-2063,"[-1, -1, 10]","[1, 5, 4]",8,-1718,"[-1, -1, -1, 10]","[0, 4, 2, 4]",7,-1440
"[-1, -1, -1, -1, -1, 10]","[0, 4, 2, 4, 2, 4]",5,-1656,"[-1, -1, -1, 10]","[0, 4, 2, 4]",7,-1769,"[-1, -1, -10, -10, -10, -10, -10, -10, -10, -10]","[0, 4, 0, 0, 0, 0, 0, 0, 0, 0]",-82,-2145,"[-1, -1, 10]","[1, 5, 4]",8,-1710,"[-10, -10, -10, -10, -10, -10, -10, -10, -10, -10]","[2, 2, 2, 2, 2, 2, 2, 2, 2, 2]",-100,-1540
"[-1, -1, 10]","[0, 2, 4]",8,-1648,"[-10, -10, -10, -10, -10, -10, -10, -10, -10, -10]","[2, 2, 2, 2, 2, 2, 2, 2, 2, 2]",-100,-1869,"[-1, -1, 10]","[0, 2, 4]",8,-2137,"[-1, -1, 10]","[1, 5, 4]",8,-1702,"[-1, -1, -10, -10, -10, -10, -10, -10, -10, -10]","[0, 4, 0, 0, 0, 0, 0, 0, 0, 0]",-82,-1622
"[-1, -10, -10, -10, -10, -10, -10, -10, -10, -10]","[0, 1, 1, 1, 1, 1, 1, 1, 1, 1]",-91,-1739,"[-1, -1, 10]","[1, 5, 4]",8,-1861,"[-1, -1, 10]","[1, 5, 4]",8,-2129,"[-1, -1, -1, -1, 10]","[0, 2, 4, 2, 4]",6,-1696,"[-1, -1, 10]","[1, 5, 4]",8,-1614
"[-1, -1, -1, 10]","[0, 4, 2, 4]",7,-1732,"[-1, -1, -1, -1, -1, 10]","[0, 4, 2, 4, 2, 4]",5,-1856,"[-1, -1, 10]","[1, 5, 4]",8,-2121,"[-1, -1, 10]","[1, 5, 4]",8,-1688,"[-1, -1, 10]","[1, 5, 4]",8,-1606
"[-1, -1, 10]","[1, 5, 4]",8,-1724,"[-10, -10, -10, -10, -10, -10, -10, -10, -10, -10]","[2, 2, 2, 2, 2, 2, 2, 2, 2, 2]",-100,-1956,"[-10, -10, -10, -10, -10, -10, -10, -10, -10, -10]","[2, 2, 2, 2, 2, 2, 2, 2, 2, 2]",-100,-2221,"[-1, -1, -10, -10, -10, -10, -10, -10, -10, -10]","[0, 4, 0, 0, 0, 0, 0, 0, 0, 0]",-82,-1770,"[-1, -1, 10]","[1, 5, 4]",8,-1598
"[-10, -10, -10, -10, -10, -10, -10, -10, -10, -10]","[2, 2, 2, 2, 2, 2, 2, 2, 2, 2]",-100,-1824,"[-1, -10, -10, -10, -10, -10, -10, -10, -10, -10]","[0, 0, 0, 0, 0, 0, 0, 0, 0, 0]",-91,-2047,"[-1, -1, -1, -1, 10]","[0, 2, 4, 2, 4]",6,-2215,"[-1, -1, 10]","[0, 2, 4]",8,-1762,"[-1, -1, -1, -1, 10]","[0, 2, 4, 2, 4]",6,-1592
"[-1, -10, -10, -10, -10, -10, -10, -10, -10, -10]","[0, 0, 0, 0, 0, 0, 0, 0, 0, 0]",-91,-1915,"[-1, -1, -10, -10, -10, -10, -10, -10, -10, -10]","[0, 4, 0, 0, 0, 0, 0, 0, 0, 0]",-82,-2129,"[-1, -1, -10, -10, -10, -10, -10, -10, -10, -10]","[0, 4, 0, 0, 0, 0, 0, 0, 0, 0]",-82,-2297,"[-1, -1, 10]","[1, 5, 4]",8,-1754,"[-10, -10, -10, -10, -10, -10, -10, -10, -10, -10]","[2, 2, 2, 2, 2, 2, 2, 2, 2, 2]",-100,-1692
"[-1, -1, 10]","[1, 5, 4]",8,-1907,"[-1, -1, -1, -1, 10]","[0, 2, 4, 2, 4]",6,-2123,"[-1, -1, 10]","[0, 2, 4]",8,-2289,"[-1, -10, -10, -10, -10, -10, -10, -10, -10, -10]","[1, 5, 5, 5, 5, 5, 5, 5, 5, 5]",-91,-1845,"[-1, -1, 10]","[1, 5, 4]",8,-1684
"[-1, -1, -10, -10, -10, -10, -10, -10, -10, -10]","[0, 4, 0, 0, 0, 0, 0, 0, 0, 0]",-82,-1989,"[-1, -1, -1, -1, 10]","[0, 2, 4, 2, 4]",6,-2117,"[-1, -1, 10]","[0, 2, 4]",8,-2281,"[-1, -1, 10]","[1, 5, 4]",8,-1837,"[-1, -1, -1, -1, -1, 10]","[0, 4, 2, 4, 2, 4]",5,-1679
"[-1, -1, 10]","[1, 5, 4]",8,-1981,"[-1, -1, 10]","[1, 5, 4]",8,-2109,"[-1, -1, -10, -10, -10, -10, -10, -10, -10, -10]","[0, 4, 0, 0, 0, 0, 0, 0, 0, 0]",-82,-2363,"[-1, -1, -10, -10, -10, -10, -10, -10, -10, -10]","[0, 4, 0, 0, 0, 0, 0, 0, 0, 0]",-82,-1919,"[-1, -1, 10]","[0, 2, 4]",8,-1671
"[-1, -10, -10, -10, -10, -10, -10, -10, -10, -10]","[0, 1, 1, 1, 1, 1, 1, 1, 1, 1]",-91,-2072,"[-1, -10, -10, -10, -10, -10, -10, -10, -10, -10]","[0, 0, 0, 0, 0, 0, 0, 0, 0, 0]",-91,-2200,"[-1, -1, 10]","[1, 5, 4]",8,-2355,"[-1, -10, -10, -10, -10, -10, -10, -10, -10, -10]","[0, 0, 0, 0, 0, 0, 0, 0, 0, 0]",-91,-2010,"[-1, -1, 10]","[0, 2, 4]",8,-1663
"[-1, -10, -10, -10, -10, -10, -10, -10, -10, -10]","[0, 1, 1, 1, 1, 1, 1, 1, 1, 1]",-91,-2163,"[-1, -1, 10]","[0, 2, 4]",8,-2192,"[-1, -1, 10]","[0, 2, 4]",8,-2347,"[-1, -1, -1, -1, 10]","[0, 2, 4, 2, 4]",6,-2004,"[-1, -10, -10, -10, -10, -10, -10, -10, -10, -10]","[0, 1, 1, 1, 1, 1, 1, 1, 1, 1]",-91,-1754
"[-1, -1, 10]","[1, 5, 4]",8,-2155,"[-1, -10, -10, -10, -10, -10, -10, -10, -10, -10]","[0, 0, 0, 0, 0, 0, 0, 0, 0, 0]",-91,-2283,"[-1, -1, 10]","[1, 5, 4]",8,-2339,"[-1, -1, -10, -10, -10, -10, -10, -10, -10, -10]","[0, 4, 0, 0, 0, 0, 0, 0, 0, 0]",-82,-2086,"[-1, -1, 10]","[1, 5, 4]",8,-1746
"[-1, -1, -10, -10, -10, -10, -10, -10, -10, -10]","[0, 4, 0, 0, 0, 0, 0, 0, 0, 0]",-82,-2237,"[-10, -10, -10, -10, -10, -10, -10, -10, -10, -10]","[2, 2, 2, 2, 2, 2, 2, 2, 2, 2]",-100,-2383,"[-1, -1, 10]","[1, 5, 4]",8,-2331,"[-1, -1, -10, -10, -10, -10, -10, -10, -10, -10]","[0, 4, 0, 0, 0, 0, 0, 0, 0, 0]",-82,-2168,"[-1, -1, 10]","[1, 5, 4]",8,-1738
"[-1, -1, 10]","[1, 5, 4]",8,-2229,"[-10, -10, -10, -10, -10, -10, -10, -10, -10, -10]","[2, 2, 2, 2, 2, 2, 2, 2, 2, 2]",-100,-2483,"[-1, -1, -1, -1, 10]","[0, 2, 4, 2, 4]",6,-2325,"[-1, -1, 10]","[1, 5, 4]",8,-2160,"[-10, -10, -10, -10, -10, -10, -10, -10, -10, -10]","[2, 2, 2, 2, 2, 2, 2, 2, 2, 2]",-100,-1838
"[-1, -1, 10]","[1, 5, 4]",8,-2221,"[-1, -1, 10]","[0, 2, 4]",8,-2475,"[-10, -10, -10, -10, -10, -10, -10, -10, -10, -10]","[2, 2, 2, 2, 2, 2, 2, 2, 2, 2]",-100,-2425,"[-10, -10, -10, -10, -10, -10, -10, -10, -10, -10]","[2, 2, 2, 2, 2, 2, 2, 2, 2, 2]",-100,-2260,"[-1, -1, 10]","[0, 2, 4]",8,-1830
"[-1, -1, 10]","[1, 5, 4]",8,-2213,"[-1, -1, -1, 10]","[0, 4, 2, 4]",7,-2468,"[-1, -1, 10]","[1, 5, 4]",8,-2417,"[-10, -10, -10, -10, -10, -10, -10, -10, -10, -10]","[2, 2, 2, 2, 2, 2, 2, 2, 2, 2]",-100,-2360,"[-1, -1, 10]","[1, 5, 4]",8,-1822
"[-10, -10, -10, -10, -10, -10, -10, -10, -10, -10]","[2, 2, 2, 2, 2, 2, 2, 2, 2, 2]",-100,-2313,"[-1, -1, 10]","[1, 5, 4]",8,-2460,"[-10, -10, -10, -10, -10, -10, -10, -10, -10, -10]","[2, 2, 2, 2, 2, 2, 2, 2, 2, 2]",-100,-2517,"[-10, -10, -10, -10, -10, -10, -10, -10, -10, -10]","[2, 2, 2, 2, 2, 2, 2, 2, 2, 2]",-100,-2460,"[-1, -1, 10]","[1, 5, 4]",8,-1814
"[-1, -1, -1, -1, -1, 10]","[0, 4, 2, 4, 2, 4]",5,-2308,"[-1, -1, 10]","[0, 2, 4]",8,-2452,"[-10, -10, -10, -10, -10, -10, -10, -10, -10, -10]","[2, 2, 2, 2, 2, 2, 2, 2, 2, 2]",-100,-2617,"[-1, -1, 10]","[0, 2, 4]",8,-2452,"[-10, -10, -10, -10, -10, -10, -10, -10, -10, -10]","[2, 2, 2, 2, 2, 2, 2, 2, 2, 2]",-100,-1914
"[-10, -10, -10, -10, -10, -10, -10, -10, -10, -10]","[2, 2, 2, 2, 2, 2, 2, 2, 2, 2]",-100,-2408,"[-1, -1, -1, 10]","[0, 4, 2, 4]",7,-2445,"[-10, -10, -10, -10, -10, -10, -10, -10, -10, -10]","[2, 2, 2, 2, 2, 2, 2, 2, 2, 2]",-100,-2717,"[-10, -10, -10, -10, -10, -10, -10, -10, -10, -10]","[2, 2, 2, 2, 2, 2, 2, 2, 2, 2]",-100,-2552,"[-1, -1, 10]","[0, 2, 4]",8,-1906
"[-1, -1, 10]","[0, 2, 4]",8,-2400,"[-1, -1, 10]","[0, 2, 4]",8,-2437,"[-1, -10, -10, -10, -10, -10, -10, -10, -10, -10]","[0, 1, 1, 1, 1, 1, 1, 1, 1, 1]",-91,-2808,"[-1, -1, -1, 10]","[0, 4, 2, 4]",7,-2545,"[-10, -10, -10, -10, -10, -10, -10, -10, -10, -10]","[2, 2, 2, 2, 2, 2, 2, 2, 2, 2]",-100,-2006
"[-10, -10, -10, -10, -10, -10, -10, -10, -10, -10]","[2, 2, 2, 2, 2, 2, 2, 2, 2, 2]",-100,-2500,"[-1, -1, 10]","[1, 5, 4]",8,-2429,"[-1, -1, 10]","[0, 2, 4]",8,-2800,"[-1, -1, -1, -1, 10]","[0, 2, 4, 2, 4]",6,-2539,"[-1, -1, -1, -1, -1, 10]","[0, 4, 2, 4, 2, 4]",5,-2001
"[-10, -10, -10, -10, -10, -10, -10, -10, -10, -10]","[2, 2, 2, 2, 2, 2, 2, 2, 2, 2]",-100,-2600,"[-1, -1, 10]","[0, 2, 4]",8,-2421,"[-1, -1, 10]","[1, 5, 4]",8,-2792,"[-10, -10, -10, -10, -10, -10, -10, -10, -10, -10]","[2, 2, 2, 2, 2, 2, 2, 2, 2, 2]",-100,-2639,"[-1, -1, 10]","[0, 2, 4]",8,-1993
"[-10, -10, -10, -10, -10, -10, -10, -10, -10, -10]","[2, 2, 2, 2, 2, 2, 2, 2, 2, 2]",-100,-2700,"[-1, -1, 10]","[0, 2, 4]",8,-2413,"[-1, -10, -10, -10, -10, -10, -10, -10, -10, -10]","[0, 0, 0, 0, 0, 0, 0, 0, 0, 0]",-91,-2883,"[-1, -10, -10, -10, -10, -10, -10, -10, -10, -10]","[0, 0, 0, 0, 0, 0, 0, 0, 0, 0]",-91,-2730,"[-1, -1, 10]","[0, 2, 4]",8,-1985
"[-1, -1, 10]","[0, 2, 4]",8,-2692,"[-1, -1, 10]","[1, 5, 4]",8,-2405,"[-10, -10, -10, -10, -10, -10, -10, -10, -10, -10]","[2, 2, 2, 2, 2, 2, 2, 2, 2, 2]",-100,-2983,"[-1, -1, 10]","[1, 5, 4]",8,-2722,"[-1, -1, -1, -1, -1, 10]","[0, 4, 2, 4, 2, 4]",5,-1980
"[-1, -1, 10]","[0, 2, 4]",8,-2684,"[-1, -1, 10]","[1, 5, 4]",8,-2397,"[-1, -1, -1, -1, -1, 10]","[0, 4, 2, 4, 2, 4]",5,-2978,"[-10, -10, -10, -10, -10, -10, -10, -10, -10, -10]","[2, 2, 2, 2, 2, 2, 2, 2, 2, 2]",-100,-2822,"[-10, -10, -10, -10, -10, -10, -10, -10, -10, -10]","[2, 2, 2, 2, 2, 2, 2, 2, 2, 2]",-100,-2080
"[-1, -1, -1, -1, 10]","[0, 2, 4, 2, 4]",6,-2678,"[-1, -1, 10]","[1, 5, 4]",8,-2389,"[-1, -1, 10]","[1, 5, 4]",8,-2970,"[-1, -1, 10]","[1, 5, 4]",8,-2814,"[-1, -1, 10]","[0, 2, 4]",8,-2072
"[-1, -1, -10, -10, -10, -10, -10, -10, -10, -10]","[0, 4, 0, 0, 0, 0, 0, 0, 0, 0]",-82,-2760,"[-10, -10, -10, -10, -10, -10, -10, -10, -10, -10]","[2, 2, 2, 2, 2, 2, 2, 2, 2, 2]",-100,-2489,"[-10, -10, -10, -10, -10, -10, -10, -10, -10, -10]","[2, 2, 2, 2, 2, 2, 2, 2, 2, 2]",-100,-3070,"[-1, -1, -1, 10]","[0, 4, 2, 4]",7,-2807,"[-1, -10, -10, -10, -10, -10, -10, -10, -10, -10]","[0, 0, 0, 0, 0, 0, 0, 0, 0, 0]",-91,-2163
"[-1, -1, 10]","[1, 5, 4]",8,-2752,"[-1, -1, 10]","[1, 5, 4]",8,-2481,"[-1, -1, 10]","[1, 5, 4]",8,-3062,"[-10, -10, -10, -10, -10, -10, -10, -10, -10, -10]","[2, 2, 2, 2, 2, 2, 2, 2, 2, 2]",-100,-2907,"[-1, -1, -1, -1, -1, 10]","[0, 4, 2, 4, 2, 4]",5,-2158
"[-1, -1, -1, -1, 10]","[0, 2, 4, 2, 4]",6,-2746,"[-1, -1, -1, -1, 10]","[0, 2, 4, 2, 4]",6,-2475,"[-1, -1, 10]","[1, 5, 4]",8,-3054,"[-1, -1, 10]","[1, 5, 4]",8,-2899,"[-1, -1, -1, 10]","[0, 4, 2, 4]",7,-2151
"[-1, -1, -1, 10]","[0, 4, 2, 4]",7,-2739,"[-1, -1, 10]","[1, 5, 4]",8,-2467,"[-1, -1, -1, -1, 10]","[0, 2, 4, 2, 4]",6,-3048,"[-10, -10, -10, -10, -10, -10, -10, -10, -10, -10]","[2, 2, 2, 2, 2, 2, 2, 2, 2, 2]",-100,-2999,"[-1, -1, 10]","[0, 2, 4]",8,-2143
"[-1, -1, -10, -10, -10, -10, -10, -10, -10, -10]","[0, 4, 0, 0, 0, 0, 0, 0, 0, 0]",-82,-2821,"[-1, -1, 10]","[0, 2, 4]",8,-2459,"[-1, -1, 10]","[1, 5, 4]",8,-3040,"[-1, -1, 10]","[0, 2, 4]",8,-2991,"[-10, -10, -10, -10, -10, -10, -10, -10, -10, -10]","[2, 2, 2, 2, 2, 2, 2, 2, 2, 2]",-100,-2243
"[-1, -1, 10]","[0, 2, 4]",8,-2813,"[-1, -1, 10]","[1, 5, 4]",8,-2451,"[-10, -10, -10, -10, -10, -10, -10, -10, -10, -10]","[2, 2, 2, 2, 2, 2, 2, 2, 2, 2]",-100,-3140,"[-10, -10, -10, -10, -10, -10, -10, -10, -10, -10]","[2, 2, 2, 2, 2, 2, 2, 2, 2, 2]",-100,-3091,"[-1, -1, 10]","[1, 5, 4]",8,-2235
"[-1, -1, 10]","[0, 2, 4]",8,-2805,"[-1, -1, 10]","[0, 2, 4]",8,-2443,"[-1, -1, 10]","[0, 2, 4]",8,-3132,"[-1, -1, 10]","[1, 5, 4]",8,-3083,"[-1, -1, 10]","[1, 5, 4]",8,-2227
"[-1, -1, 10]","[1, 5, 4]",8,-2797,"[-1, -1, -1, 10]","[0, 4, 2, 4]",7,-2436,"[-1, -1, -10, -10, -10, -10, -10, -10, -10, -10]","[0, 4, 0, 0, 0, 0, 0, 0, 0, 0]",-82,-3214,"[-1, -10, -10, -10, -10, -10, -10, -10, -10, -10]","[0, 0, 0, 0, 0, 0, 0, 0, 0, 0]",-91,-3174,"[-10, -10, -10, -10, -10, -10, -10, -10, -10, -10]","[2, 2, 2, 2, 2, 2, 2, 2, 2, 2]",-100,-2327
"[-1, -1, -1, -1, -1, 10]","[0, 4, 2, 4, 2, 4]",5,-2792,"[-1, -1, 10]","[1, 5, 4]",8,-2428,"[-1, -1, 10]","[1, 5, 4]",8,-3206,"[-1, -1, 10]","[0, 2, 4]",8,-3166,"[-1, -1, 10]","[1, 5, 4]",8,-2319
"[-10, -10, -10, -10, -10, -10, -10, -10, -10, -10]","[2, 2, 2, 2, 2, 2, 2, 2, 2, 2]",-100,-2892,"[-1, -1, 10]","[0, 2, 4]",8,-2420,"[-10, -10, -10, -10, -10, -10, -10, -10, -10, -10]","[2, 2, 2, 2, 2, 2, 2, 2, 2, 2]",-100,-3306,"[-1, -1, -1, 10]","[0, 4, 2, 4]",7,-3159,"[-1, -1, -1, 10]","[0, 4, 2, 4]",7,-2312
"[-1, -1, -1, -1, 10]","[0, 2, 4, 2, 4]",6,-2886,"[-1, -10, -10, -10, -10, -10, -10, -10, -10, -10]","[0, 0, 0, 0, 0, 0, 0, 0, 0, 0]",-91,-2511,"[-1, -1, -1, 10]","[0, 4, 2, 4]",7,-3299,"[-1, -1, 10]","[1, 5, 4]",8,-3151,"[-1, -1, -1, 10]","[0, 4, 2, 4]",7,-2305
"[-1, -1, -1, -1, 10]","[0, 2, 4, 2, 4]",6,-2880,"[-1, -1, -1, -1, 10]","[0, 2, 4, 2, 4]",6,-2505,"[-1, -10, -10, -10, -10, -10, -10, -10, -10, -10]","[0, 1, 1, 1, 1, 1, 1, 1, 1, 1]",-91,-3390,"[-1, -1, 10]","[1, 5, 4]",8,-3143,"[-1, -1, 10]","[0, 2, 4]",8,-2297
"[-1, -1, -1, -1, 10]","[0, 2, 4, 2, 4]",6,-2874,"[-1, -1, 10]","[0, 2, 4]",8,-2497,"[-1, -1, -10, -10, -10, -10, -10, -10, -10, -10]","[0, 4, 0, 0, 0, 0, 0, 0, 0, 0]",-82,-3472,"[-1, -1, 10]","[1, 5, 4]",8,-3135,"[-1, -1, 10]","[1, 5, 4]",8,-2289
"[-1, -1, -1, -1, 10]","[0, 2, 4, 2, 4]",6,-2868,"[-1, -1, -10, -10, -10, -10, -10, -10, -10, -10]","[0, 4, 0, 0, 0, 0, 0, 0, 0, 0]",-82,-2579,"[-1, -1, -1, -1, 10]","[0, 2, 4, 2, 4]",6,-3466,"[-1, -1, 10]","[1, 5, 4]",8,-3127,"[-10, -10, -10, -10, -10, -10, -10, -10, -10, -10]","[2, 2, 2, 2, 2, 2, 2, 2, 2, 2]",-100,-2389
"[-1, -1, -1, -1, -1, 10]","[0, 4, 2, 4, 2, 4]",5,-2863,"[-1, -1, 10]","[0, 2, 4]",8,-2571,"[-1, -1, -1, 10]","[0, 4, 2, 4]",7,-3459,"[-1, -1, 10]","[1, 5, 4]",8,-3119,"[-1, -1, -10, -10, -10, -10, -10, -10, -10, -10]","[0, 4, 0, 0, 0, 0, 0, 0, 0, 0]",-82,-2471
"[-1, -1, -10, -10, -10, -10, -10, -10, -10, -10]","[0, 4, 0, 0, 0, 0, 0, 0, 0, 0]",-82,-2945,"[-1, -1, 10]","[0, 2, 4]",8,-2563,"[-10, -10, -10, -10, -10, -10, -10, -10, -10, -10]","[2, 2, 2, 2, 2, 2, 2, 2, 2, 2]",-100,-3559,"[-1, -1, -1, -1, -1, 10]","[0, 4, 2, 4, 2, 4]",5,-3114,"[-1, -1, -1, -1, 10]","[0, 2, 4, 2, 4]",6,-2465
"[-10, -10, -10, -10, -10, -10, -10, -10, -10, -10]","[2, 2, 2, 2, 2, 2, 2, 2, 2, 2]",-100,-3045,"[-1, -1, -1, -1, 10]","[0, 2, 4, 2, 4]",6,-2557,"[-1, -10, -10, -10, -10, -10, -10, -10, -10, -10]","[0, 0, 0, 0, 0, 0, 0, 0, 0, 0]",-91,-3650,"[-10, -10, -10, -10, -10, -10, -10, -10, -10, -10]","[2, 2, 2, 2, 2, 2, 2, 2, 2, 2]",-100,-3214,"[-1, -1, -1, -1, -1, 10]","[0, 4, 2, 4, 2, 4]",5,-2460
"[-1, -1, -10, -10, -10, -10, -10, -10, -10, -10]","[0, 4, 0, 0, 0, 0, 0, 0, 0, 0]",-82,-3127,"[-10, -10, -10, -10, -10, -10, -10, -10, -10, -10]","[2, 2, 2, 2, 2, 2, 2, 2, 2, 2]",-100,-2657,"[-10, -10, -10, -10, -10, -10, -10, -10, -10, -10]","[2, 2, 2, 2, 2, 2, 2, 2, 2, 2]",-100,-3750,"[-1, -1, -1, -1, 10]","[0, 2, 4, 2, 4]",6,-3208,"[-1, -1, -1, -1, -1, 10]","[0, 4, 2, 4, 2, 4]",5,-2455
"[-10, -10, -10, -10, -10, -10, -10, -10, -10, -10]","[2, 2, 2, 2, 2, 2, 2, 2, 2, 2]",-100,-3227,"[-10, -10, -10, -10, -10, -10, -10, -10, -10, -10]","[2, 2, 2, 2, 2, 2, 2, 2, 2, 2]",-100,-2757,"[-1, -1, -10, -10, -10, -10, -10, -10, -10, -10]","[0, 4, 0, 0, 0, 0, 0, 0, 0, 0]",-82,-3832,"[-1, -10, -10, -10, -10, -10, -10, -10, -10, -10]","[0, 0, 0, 0, 0, 0, 0, 0, 0, 0]",-91,-3299,"[-1, -10, -10, -10, -10, -10, -10, -10, -10, -10]","[0, 1, 1, 1, 1, 1, 1, 1, 1, 1]",-91,-2546
"[-1, -10, -10, -10, -10, -10, -10, -10, -10, -10]","[0, 0, 0, 0, 0, 0, 0, 0, 0, 0]",-91,-3318,"[-1, -1, 10]","[0, 2, 4]",8,-2749,"[-1, -1, 10]","[0, 2, 4]",8,-3824,"[-1, -1, 10]","[0, 2, 4]",8,-3291,"[-1, -1, -1, -1, -1, 10]","[0, 4, 2, 4, 2, 4]",5,-2541
