0,1,2,3,4,5,6,7,8,9,10,11,12,13,14,15,16,17,18,19
"[-1, -1, -1, -1, 10]","[0, 2, 1, 5, 4]",6,6,"[-1, -1, -1, -1, 10]","[0, 2, 1, 5, 4]",6,6,"[-1, -1, 10]","[0, 2, 4]",8,8,"[-1, -1, -1, -1, -1, 10]","[0, 2, 2, 1, 5, 4]",5,5,"[-10, -10, -10, -10, -10, -10, -10, -10, -10, -10]","[2, 2, 2, 2, 2, 2, 2, 2, 2, 2]",-100,-100
"[-1, -1, 10]","[0, 2, 4]",8,14,"[-1, -1, -1, 10]","[0, 2, 2, 4]",7,13,"[-1, -1, -1, 10]","[0, 2, 2, 4]",7,15,"[-10, -10, -10, -10, -10, -10, -10, -10, -10, -10]","[2, 2, 2, 2, 2, 2, 2, 2, 2, 2]",-100,-95,"[-10, -10, -10, -10, -10, -10, -10, -10, -10, -10]","[2, 2, 2, 2, 2, 2, 2, 2, 2, 2]",-100,-200
"[-1, -1, -1, 10]","[0, 2, 2, 4]",7,21,"[-1, -1, -1, -10, -10, -10, -10, -10, -10, -10]","[0, 2, 2, 1, 1, 1, 1, 1, 1, 1]",-73,-60,"[-10, -10, -10, -10, -10, -10, -10, -10, -10, -10]","[2, 2, 2, 2, 2, 2, 2, 2, 2, 2]",-100,-85,"[-1, -1, -1, -1, -1, -10, -10, -10, -10, -10]","[0, 2, 2, 1, 5, 1, 1, 1, 1, 1]",-55,-150,"[-1, -1, -1, 10]","[0, 1, 5, 4]",7,-193
"[-1, -1, -10, -10, -10, -10, -10, -10, -10, -10]","[0, 2, 1, 1, 1, 1, 1, 1, 1, 1]",-82,-61,"[-1, -1, -1, 10]","[0, 1, 5, 4]",7,-53,"[-1, -1, 10]","[0, 2, 4]",8,-77,"[-1, -1, 10]","[0, 2, 4]",8,-142,"[-1, -1, 10]","[0, 2, 4]",8,-185
"[-1, -1, -1, 10]","[0, 2, 2, 4]",7,-54,"[-10, -10, -10, -10, -10, -10, -10, -10, -10, -10]","[2, 2, 2, 2, 2, 2, 2, 2, 2, 2]",-100,-153,"[-1, -1, 10]","[0, 2, 4]",8,-69,"[-1, -1, -1, -10, -10, -10, -10, -10, -10, -10]","[0, 2, 2, 1, 1, 1, 1, 1, 1, 1]",-73,-215,"[-1, -1, -1, 10]","[0, 2, 2, 4]",7,-178
"[-1, -1, -10, -10, -10, -10, -10, -10, -10, -10]","[0, 2, 1, 1, 1, 1, 1, 1, 1, 1]",-82,-136,"[-10, -10, -10, -10, -10, -10, -10, -10, -10, -10]","[2, 2, 2, 2, 2, 2, 2, 2, 2, 2]",-100,-253,"[-1, -1, 10]","[0, 2, 4]",8,-61,"[-1, -1, -1, 10]","[0, 2, 2, 4]",7,-208,"[-1, -1, -1, 10]","[0, 2, 2, 4]",7,-171
"[-10, -10, -10, -10, -10, -10, -10, -10, -10, -10]","[2, 2, 2, 2, 2, 2, 2, 2, 2, 2]",-100,-236,"[-1, -1, -1, -10, -10, -10, -10, -10, -10, -10]","[0, 2, 2, 1, 1, 1, 1, 1, 1, 1]",-73,-326,"[-10, -10, -10, -10, -10, -10, -10, -10, -10, -10]","[2, 2, 2, 2, 2, 2, 2, 2, 2, 2]",-100,-161,"[-1, -1, -10, -10, -10, -10, -10, -10, -10, -10]","[0, 2, 1, 1, 1, 1, 1, 1, 1, 1]",-82,-290,"[-10, -10, -10, -10, -10, -10, -10, -10, -10, -10]","[2, 2, 2, 2, 2, 2, 2, 2, 2, 2]",-100,-271
"[-10, -10, -10, -10, -10, -10, -10, -10, -10, -10]","[2, 2, 2, 2, 2, 2, 2, 2, 2, 2]",-100,-336,"[-1, -10, -10, -10, -10, -10, -10, -10, -10, -10]","[0, 1, 1, 1, 1, 1, 1, 1, 1, 1]",-91,-417,"[-10, -10, -10, -10, -10, -10, -10, -10, -10, -10]","[2, 2, 2, 2, 2, 2, 2, 2, 2, 2]",-100,-261,"[-1, -1, -1, -1, -1, -10, -10, -10, -10, -10]","[0, 2, 2, 1, 5, 1, 1, 1, 1, 1]",-55,-345,"[-10, -10, -10, -10, -10, -10, -10, -10, -10, -10]","[2, 2, 2, 2, 2, 2, 2, 2, 2, 2]",-100,-371
"[-10, -10, -10, -10, -10, -10, -10, -10, -10, -10]","[2, 2, 2, 2, 2, 2, 2, 2, 2, 2]",-100,-436,"[-1, -1, -1, -10, -10, -10, -10, -10, -10, -10]","[0, 2, 2, 1, 1, 1, 1, 1, 1, 1]",-73,-490,"[-1, -1, -1, 10]","[0, 2, 2, 4]",7,-254,"[-1, -1, -1, -10, -10, -10, -10, -10, -10, -10]","[0, 2, 2, 1, 1, 1, 1, 1, 1, 1]",-73,-418,"[-10, -10, -10, -10, -10, -10, -10, -10, -10, -10]","[2, 2, 2, 2, 2, 2, 2, 2, 2, 2]",-100,-471
"[-1, -1, -10, -10, -10, -10, -10, -10, -10, -10]","[0, 2, 1, 1, 1, 1, 1, 1, 1, 1]",-82,-518,"[-10, -10, -10, -10, -10, -10, -10, -10, -10, -10]","[2, 2, 2, 2, 2, 2, 2, 2, 2, 2]",-100,-590,"[-1, -1, -1, 10]","[0, 1, 5, 4]",7,-247,"[-1, -1, -1, 10]","[0, 2, 2, 4]",7,-411,"[-10, -10, -10, -10, -10, -10, -10, -10, -10, -10]","[2, 2, 2, 2, 2, 2, 2, 2, 2, 2]",-100,-571
"[-10, -10, -10, -10, -10, -10, -10, -10, -10, -10]","[2, 2, 2, 2, 2, 2, 2, 2, 2, 2]",-100,-618,"[-1, -1, -1, 10]","[0, 2, 2, 4]",7,-583,"[-1, -1, 10]","[0, 2, 4]",8,-239,"[-1, -1, -1, -1, -1, -10, -10, -10, -10, -10]","[0, 2, 2, 1, 5, 1, 1, 1, 1, 1]",-55,-466,"[-1, -1, -1, -1, -10, -10, -10, -10, -10, -10]","[0, 2, 1, 5, 1, 1, 1, 1, 1, 1]",-64,-635
"[-1, -1, 10]","[0, 2, 4]",8,-610,"[-1, -1, -1, -10, -10, -10, -10, -10, -10, -10]","[0, 2, 2, 1, 1, 1, 1, 1, 1, 1]",-73,-656,"[-1, -10, -10, -10, -10, -10, -10, -10, -10, -10]","[0, 1, 1, 1, 1, 1, 1, 1, 1, 1]",-91,-330,"[-1, -1, 10]","[0, 2, 4]",8,-458,"[-1, -10, -10, -10, -10, -10, -10, -10, -10, -10]","[0, 0, 0, 0, 0, 0, 0, 0, 0, 0]",-91,-726
"[-1, -10, -10, -10, -10, -10, -10, -10, -10, -10]","[0, 1, 1, 1, 1, 1, 1, 1, 1, 1]",-91,-701,"[-1, -1, 10]","[0, 2, 4]",8,-648,"[-1, -1, -1, 10]","[0, 2, 2, 4]",7,-323,"[-10, -10, -10, -10, -10, -10, -10, -10, -10, -10]","[2, 2, 2, 2, 2, 2, 2, 2, 2, 2]",-100,-558,"[-1, -1, -1, 10]","[0, 2, 2, 4]",7,-719
"[-1, -1, -1, -1, -1, -10, -10, -10, -10, -10]","[0, 2, 2, 1, 5, 1, 1, 1, 1, 1]",-55,-756,"[-10, -10, -10, -10, -10, -10, -10, -10, -10, -10]","[2, 2, 2, 2, 2, 2, 2, 2, 2, 2]",-100,-748,"[-10, -10, -10, -10, -10, -10, -10, -10, -10, -10]","[2, 2, 2, 2, 2, 2, 2, 2, 2, 2]",-100,-423,"[-1, -1, 10]","[0, 2, 4]",8,-550,"[-10, -10, -10, -10, -10, -10, -10, -10, -10, -10]","[2, 2, 2, 2, 2, 2, 2, 2, 2, 2]",-100,-819
"[-1, -1, 10]","[0, 2, 4]",8,-748,"[-1, -1, -1, 10]","[0, 2, 2, 4]",7,-741,"[-1, -1, -1, -1, 10]","[0, 2, 1, 5, 4]",6,-417,"[-1, -1, -1, 10]","[0, 2, 2, 4]",7,-543,"[-10, -10, -10, -10, -10, -10, -10, -10, -10, -10]","[2, 2, 2, 2, 2, 2, 2, 2, 2, 2]",-100,-919
"[-10, -10, -10, -10, -10, -10, -10, -10, -10, -10]","[2, 2, 2, 2, 2, 2, 2, 2, 2, 2]",-100,-848,"[-10, -10, -10, -10, -10, -10, -10, -10, -10, -10]","[2, 2, 2, 2, 2, 2, 2, 2, 2, 2]",-100,-841,"[-1, -1, -1, 10]","[0, 2, 2, 4]",7,-410,"[-10, -10, -10, -10, -10, -10, -10, -10, -10, -10]","[2, 2, 2, 2, 2, 2, 2, 2, 2, 2]",-100,-643,"[-10, -10, -10, -10, -10, -10, -10, -10, -10, -10]","[2, 2, 2, 2, 2, 2, 2, 2, 2, 2]",-100,-1019
"[-10, -10, -10, -10, -10, -10, -10, -10, -10, -10]","[2, 2, 2, 2, 2, 2, 2, 2, 2, 2]",-100,-948,"[-1, -1, -1, 10]","[0, 2, 2, 4]",7,-834,"[-1, -10, -10, -10, -10, -10, -10, -10, -10, -10]","[0, 1, 1, 1, 1, 1, 1, 1, 1, 1]",-91,-501,"[-1, -1, -1, 10]","[0, 2, 2, 4]",7,-636,"[-1, -1, -1, -1, -1, 10]","[0, 2, 2, 1, 5, 4]",5,-1014
"[-1, -1, -10, -10, -10, -10, -10, -10, -10, -10]","[0, 2, 1, 1, 1, 1, 1, 1, 1, 1]",-82,-1030,"[-1, -1, 10]","[0, 2, 4]",8,-826,"[-1, -1, 10]","[0, 2, 4]",8,-493,"[-10, -10, -10, -10, -10, -10, -10, -10, -10, -10]","[2, 2, 2, 2, 2, 2, 2, 2, 2, 2]",-100,-736,"[-10, -10, -10, -10, -10, -10, -10, -10, -10, -10]","[2, 2, 2, 2, 2, 2, 2, 2, 2, 2]",-100,-1114
"[-1, -1, -1, 10]","[0, 1, 5, 4]",7,-1023,"[-1, -1, -1, -10, -10, -10, -10, -10, -10, -10]","[0, 2, 2, 1, 1, 1, 1, 1, 1, 1]",-73,-899,"[-10, -10, -10, -10, -10, -10, -10, -10, -10, -10]","[2, 2, 2, 2, 2, 2, 2, 2, 2, 2]",-100,-593,"[-1, -1, -1, 10]","[0, 2, 2, 4]",7,-729,"[-10, -10, -10, -10, -10, -10, -10, -10, -10, -10]","[2, 2, 2, 2, 2, 2, 2, 2, 2, 2]",-100,-1214
"[-1, -1, -1, -1, -1, 10]","[0, 2, 2, 1, 5, 4]",5,-1018,"[-1, -1, -1, 10]","[0, 1, 5, 4]",7,-892,"[-1, -1, -1, 10]","[0, 2, 2, 4]",7,-586,"[-1, -1, 10]","[0, 2, 4]",8,-721,"[-10, -10, -10, -10, -10, -10, -10, -10, -10, -10]","[2, 2, 2, 2, 2, 2, 2, 2, 2, 2]",-100,-1314
"[-1, -1, -1, 10]","[0, 1, 5, 4]",7,-1011,"[-1, -10, -10, -10, -10, -10, -10, -10, -10, -10]","[0, 1, 1, 1, 1, 1, 1, 1, 1, 1]",-91,-983,"[-10, -10, -10, -10, -10, -10, -10, -10, -10, -10]","[2, 2, 2, 2, 2, 2, 2, 2, 2, 2]",-100,-686,"[-1, -1, -1, -1, -1, -10, -10, -10, -10, -10]","[0, 2, 2, 1, 5, 1, 1, 1, 1, 1]",-55,-776,"[-1, -1, -1, 10]","[0, 2, 2, 4]",7,-1307
"[-1, -10, -10, -10, -10, -10, -10, -10, -10, -10]","[0, 1, 1, 1, 1, 1, 1, 1, 1, 1]",-91,-1102,"[-1, -1, 10]","[0, 2, 4]",8,-975,"[-1, -1, 10]","[0, 2, 4]",8,-678,"[-1, -1, -1, -10, -10, -10, -10, -10, -10, -10]","[0, 2, 2, 1, 1, 1, 1, 1, 1, 1]",-73,-849,"[-1, -1, -1, -1, -1, 10]","[0, 2, 2, 1, 5, 4]",5,-1302
"[-1, -1, -1, -1, 10]","[0, 2, 1, 5, 4]",6,-1096,"[-10, -10, -10, -10, -10, -10, -10, -10, -10, -10]","[2, 2, 2, 2, 2, 2, 2, 2, 2, 2]",-100,-1075,"[-10, -10, -10, -10, -10, -10, -10, -10, -10, -10]","[2, 2, 2, 2, 2, 2, 2, 2, 2, 2]",-100,-778,"[-1, -1, -1, -1, -10, -10, -10, -10, -10, -10]","[0, 2, 1, 5, 1, 1, 1, 1, 1, 1]",-64,-913,"[-10, -10, -10, -10, -10, -10, -10, -10, -10, -10]","[2, 2, 2, 2, 2, 2, 2, 2, 2, 2]",-100,-1402
"[-1, -1, 10]","[0, 2, 4]",8,-1088,"[-10, -10, -10, -10, -10, -10, -10, -10, -10, -10]","[2, 2, 2, 2, 2, 2, 2, 2, 2, 2]",-100,-1175,"[-10, -10, -10, -10, -10, -10, -10, -10, -10, -10]","[2, 2, 2, 2, 2, 2, 2, 2, 2, 2]",-100,-878,"[-10, -10, -10, -10, -10, -10, -10, -10, -10, -10]","[2, 2, 2, 2, 2, 2, 2, 2, 2, 2]",-100,-1013,"[-1, -1, -1, 10]","[0, 2, 2, 4]",7,-1395
"[-10, -10, -10, -10, -10, -10, -10, -10, -10, -10]","[2, 2, 2, 2, 2, 2, 2, 2, 2, 2]",-100,-1188,"[-10, -10, -10, -10, -10, -10, -10, -10, -10, -10]","[2, 2, 2, 2, 2, 2, 2, 2, 2, 2]",-100,-1275,"[-1, -1, 10]","[0, 2, 4]",8,-870,"[-1, -1, -1, -1, -1, -10, -10, -10, -10, -10]","[0, 2, 2, 1, 5, 1, 1, 1, 1, 1]",-55,-1068,"[-10, -10, -10, -10, -10, -10, -10, -10, -10, -10]","[2, 2, 2, 2, 2, 2, 2, 2, 2, 2]",-100,-1495
"[-1, -1, -1, 10]","[0, 2, 2, 4]",7,-1181,"[-1, -1, -1, -10, -10, -10, -10, -10, -10, -10]","[0, 1, 5, 1, 1, 1, 1, 1, 1, 1]",-73,-1348,"[-1, -1, 10]","[0, 2, 4]",8,-862,"[-1, -1, -1, -1, 10]","[0, 2, 1, 5, 4]",6,-1062,"[-1, -1, -1, 10]","[0, 2, 2, 4]",7,-1488
"[-1, -10, -10, -10, -10, -10, -10, -10, -10, -10]","[0, 0, 0, 0, 0, 0, 0, 0, 0, 0]",-91,-1272,"[-1, -1, -1, 10]","[0, 2, 2, 4]",7,-1341,"[-10, -10, -10, -10, -10, -10, -10, -10, -10, -10]","[2, 2, 2, 2, 2, 2, 2, 2, 2, 2]",-100,-962,"[-1, -1, -1, -1, -1, -10, -10, -10, -10, -10]","[0, 2, 2, 1, 5, 1, 1, 1, 1, 1]",-55,-1117,"[-1, -1, -1, -1, -10, -10, -10, -10, -10, -10]","[0, 2, 1, 5, 1, 1, 1, 1, 1, 1]",-64,-1552
"[-1, -1, 10]","[0, 2, 4]",8,-1264,"[-1, -1, -1, -10, -10, -10, -10, -10, -10, -10]","[0, 2, 2, 1, 1, 1, 1, 1, 1, 1]",-73,-1414,"[-1, -1, 10]","[0, 2, 4]",8,-954,"[-10, -10, -10, -10, -10, -10, -10, -10, -10, -10]","[2, 2, 2, 2, 2, 2, 2, 2, 2, 2]",-100,-1217,"[-1, -1, -1, 10]","[0, 2, 2, 4]",7,-1545
"[-10, -10, -10, -10, -10, -10, -10, -10, -10, -10]","[2, 2, 2, 2, 2, 2, 2, 2, 2, 2]",-100,-1364,"[-1, -1, -1, -1, -10, -10, -10, -10, -10, -10]","[0, 2, 1, 5, 1, 1, 1, 1, 1, 1]",-64,-1478,"[-1, -1, -1, -10, -10, -10, -10, -10, -10, -10]","[0, 1, 5, 1, 1, 1, 1, 1, 1, 1]",-73,-1027,"[-1, -1, -1, -10, -10, -10, -10, -10, -10, -10]","[0, 1, 5, 1, 1, 1, 1, 1, 1, 1]",-73,-1290,"[-1, -10, -10, -10, -10, -10, -10, -10, -10, -10]","[0, 1, 1, 1, 1, 1, 1, 1, 1, 1]",-91,-1636
"[-1, -1, -1, 10]","[0, 2, 2, 4]",7,-1357,"[-10, -10, -10, -10, -10, -10, -10, -10, -10, -10]","[2, 2, 2, 2, 2, 2, 2, 2, 2, 2]",-100,-1578,"[-10, -10, -10, -10, -10, -10, -10, -10, -10, -10]","[2, 2, 2, 2, 2, 2, 2, 2, 2, 2]",-100,-1127,"[-1, -1, -1, -1, 10]","[0, 2, 1, 5, 4]",6,-1284,"[-1, -1, -1, -1, 10]","[0, 2, 1, 5, 4]",6,-1630
"[-1, -1, -1, -1, 10]","[0, 2, 1, 5, 4]",6,-1351,"[-1, -10, -10, -10, -10, -10, -10, -10, -10, -10]","[0, 0, 0, 0, 0, 0, 0, 0, 0, 0]",-91,-1669,"[-1, -1, -1, -10, -10, -10, -10, -10, -10, -10]","[0, 2, 2, 1, 1, 1, 1, 1, 1, 1]",-73,-1200,"[-1, -1, -10, -10, -10, -10, -10, -10, -10, -10]","[0, 2, 1, 1, 1, 1, 1, 1, 1, 1]",-82,-1366,"[-10, -10, -10, -10, -10, -10, -10, -10, -10, -10]","[2, 2, 2, 2, 2, 2, 2, 2, 2, 2]",-100,-1730
"[-1, -1, -10, -10, -10, -10, -10, -10, -10, -10]","[0, 2, 1, 1, 1, 1, 1, 1, 1, 1]",-82,-1433,"[-1, -1, -1, 10]","[0, 2, 2, 4]",7,-1662,"[-1, -1, -1, -1, -10, -10, -10, -10, -10, -10]","[0, 2, 1, 5, 1, 1, 1, 1, 1, 1]",-64,-1264,"[-1, -1, -1, -1, 10]","[0, 2, 1, 5, 4]",6,-1360,"[-10, -10, -10, -10, -10, -10, -10, -10, -10, -10]","[2, 2, 2, 2, 2, 2, 2, 2, 2, 2]",-100,-1830
"[-1, -10, -10, -10, -10, -10, -10, -10, -10, -10]","[0, 0, 0, 0, 0, 0, 0, 0, 0, 0]",-91,-1524,"[-1, -1, -1, 10]","[0, 2, 2, 4]",7,-1655,"[-10, -10, -10, -10, -10, -10, -10, -10, -10, -10]","[2, 2, 2, 2, 2, 2, 2, 2, 2, 2]",-100,-1364,"[-1, -10, -10, -10, -10, -10, -10, -10, -10, -10]","[0, 1, 1, 1, 1, 1, 1, 1, 1, 1]",-91,-1451,"[-1, -1, -1, -1, -1, -10, -10, -10, -10, -10]","[0, 2, 2, 1, 5, 1, 1, 1, 1, 1]",-55,-1885
"[-1, -1, -1, -1, -1, 10]","[0, 2, 2, 1, 5, 4]",5,-1519,"[-1, -1, 10]","[0, 2, 4]",8,-1647,"[-1, -10, -10, -10, -10, -10, -10, -10, -10, -10]","[0, 0, 0, 0, 0, 0, 0, 0, 0, 0]",-91,-1455,"[-1, -1, 10]","[0, 2, 4]",8,-1443,"[-1, -1, 10]","[0, 2, 4]",8,-1877
"[-1, -1, 10]","[0, 2, 4]",8,-1511,"[-1, -1, -1, -10, -10, -10, -10, -10, -10, -10]","[0, 1, 5, 1, 1, 1, 1, 1, 1, 1]",-73,-1720,"[-1, -1, -1, -1, -10, -10, -10, -10, -10, -10]","[0, 2, 1, 5, 1, 1, 1, 1, 1, 1]",-64,-1519,"[-1, -1, -1, 10]","[0, 2, 2, 4]",7,-1436,"[-1, -1, -1, 10]","[0, 2, 2, 4]",7,-1870
"[-1, -1, -1, -1, -1, -10, -10, -10, -10, -10]","[0, 2, 2, 1, 5, 1, 1, 1, 1, 1]",-55,-1566,"[-10, -10, -10, -10, -10, -10, -10, -10, -10, -10]","[2, 2, 2, 2, 2, 2, 2, 2, 2, 2]",-100,-1820,"[-1, -1, -1, 10]","[0, 2, 2, 4]",7,-1512,"[-1, -1, -10, -10, -10, -10, -10, -10, -10, -10]","[0, 2, 1, 1, 1, 1, 1, 1, 1, 1]",-82,-1518,"[-1, -1, -1, -1, -1, 10]","[0, 2, 2, 1, 5, 4]",5,-1865
"[-1, -1, -1, -1, 10]","[0, 2, 1, 5, 4]",6,-1560,"[-1, -1, -1, -1, -10, -10, -10, -10, -10, -10]","[0, 2, 1, 5, 1, 1, 1, 1, 1, 1]",-64,-1884,"[-1, -1, -1, -1, 10]","[0, 2, 1, 5, 4]",6,-1506,"[-10, -10, -10, -10, -10, -10, -10, -10, -10, -10]","[2, 2, 2, 2, 2, 2, 2, 2, 2, 2]",-100,-1618,"[-1, -10, -10, -10, -10, -10, -10, -10, -10, -10]","[0, 0, 0, 0, 0, 0, 0, 0, 0, 0]",-91,-1956
"[-1, -1, -1, -10, -10, -10, -10, -10, -10, -10]","[0, 2, 2, 1, 1, 1, 1, 1, 1, 1]",-73,-1633,"[-1, -1, -1, -10, -10, -10, -10, -10, -10, -10]","[0, 1, 5, 1, 1, 1, 1, 1, 1, 1]",-73,-1957,"[-1, -1, -1, -1, -1, -10, -10, -10, -10, -10]","[0, 2, 2, 1, 5, 1, 1, 1, 1, 1]",-55,-1561,"[-1, -1, -1, 10]","[0, 2, 2, 4]",7,-1611,"[-1, -1, -1, 10]","[0, 2, 2, 4]",7,-1949
"[-10, -10, -10, -10, -10, -10, -10, -10, -10, -10]","[2, 2, 2, 2, 2, 2, 2, 2, 2, 2]",-100,-1733,"[-1, -1, -1, -10, -10, -10, -10, -10, -10, -10]","[0, 2, 2, 1, 1, 1, 1, 1, 1, 1]",-73,-2030,"[-10, -10, -10, -10, -10, -10, -10, -10, -10, -10]","[2, 2, 2, 2, 2, 2, 2, 2, 2, 2]",-100,-1661,"[-1, -1, 10]","[0, 2, 4]",8,-1603,"[-1, -1, -1, 10]","[0, 2, 2, 4]",7,-1942
"[-10, -10, -10, -10, -10, -10, -10, -10, -10, -10]","[2, 2, 2, 2, 2, 2, 2, 2, 2, 2]",-100,-1833,"[-1, -1, -1, -1, -1, 10]","[0, 2, 2, 1, 5, 4]",5,-2025,"[-10, -10, -10, -10, -10, -10, -10, -10, -10, -10]","[2, 2, 2, 2, 2, 2, 2, 2, 2, 2]",-100,-1761,"[-1, -1, 10]","[0, 2, 4]",8,-1595,"[-1, -1, 10]","[0, 2, 4]",8,-1934
"[-10, -10, -10, -10, -10, -10, -10, -10, -10, -10]","[2, 2, 2, 2, 2, 2, 2, 2, 2, 2]",-100,-1933,"[-10, -10, -10, -10, -10, -10, -10, -10, -10, -10]","[2, 2, 2, 2, 2, 2, 2, 2, 2, 2]",-100,-2125,"[-1, -1, -1, -1, 10]","[0, 2, 1, 5, 4]",6,-1755,"[-1, -1, 10]","[0, 2, 4]",8,-1587,"[-1, -1, -1, 10]","[0, 2, 2, 4]",7,-1927
"[-10, -10, -10, -10, -10, -10, -10, -10, -10, -10]","[2, 2, 2, 2, 2, 2, 2, 2, 2, 2]",-100,-2033,"[-10, -10, -10, -10, -10, -10, -10, -10, -10, -10]","[2, 2, 2, 2, 2, 2, 2, 2, 2, 2]",-100,-2225,"[-1, -1, -1, 10]","[0, 2, 2, 4]",7,-1748,"[-10, -10, -10, -10, -10, -10, -10, -10, -10, -10]","[2, 2, 2, 2, 2, 2, 2, 2, 2, 2]",-100,-1687,"[-1, -1, -1, -10, -10, -10, -10, -10, -10, -10]","[0, 1, 5, 1, 1, 1, 1, 1, 1, 1]",-73,-2000
"[-1, -1, -1, 10]","[0, 2, 2, 4]",7,-2026,"[-1, -1, -1, 10]","[0, 2, 2, 4]",7,-2218,"[-1, -1, 10]","[0, 2, 4]",8,-1740,"[-1, -1, -1, -10, -10, -10, -10, -10, -10, -10]","[0, 2, 2, 1, 1, 1, 1, 1, 1, 1]",-73,-1760,"[-1, -1, -1, 10]","[0, 2, 2, 4]",7,-1993
"[-10, -10, -10, -10, -10, -10, -10, -10, -10, -10]","[2, 2, 2, 2, 2, 2, 2, 2, 2, 2]",-100,-2126,"[-1, -1, -1, -10, -10, -10, -10, -10, -10, -10]","[0, 2, 2, 1, 1, 1, 1, 1, 1, 1]",-73,-2291,"[-1, -1, -10, -10, -10, -10, -10, -10, -10, -10]","[0, 2, 1, 1, 1, 1, 1, 1, 1, 1]",-82,-1822,"[-1, -1, 10]","[0, 2, 4]",8,-1752,"[-1, -1, -1, 10]","[0, 2, 2, 4]",7,-1986
"[-1, -1, 10]","[0, 2, 4]",8,-2118,"[-1, -1, -1, 10]","[0, 2, 2, 4]",7,-2284,"[-1, -1, 10]","[0, 2, 4]",8,-1814,"[-1, -1, -10, -10, -10, -10, -10, -10, -10, -10]","[0, 2, 1, 1, 1, 1, 1, 1, 1, 1]",-82,-1834,"[-10, -10, -10, -10, -10, -10, -10, -10, -10, -10]","[2, 2, 2, 2, 2, 2, 2, 2, 2, 2]",-100,-2086
"[-1, -1, 10]","[0, 2, 4]",8,-2110,"[-1, -1, -1, -10, -10, -10, -10, -10, -10, -10]","[0, 2, 2, 1, 1, 1, 1, 1, 1, 1]",-73,-2357,"[-1, -1, -1, -10, -10, -10, -10, -10, -10, -10]","[0, 2, 2, 1, 1, 1, 1, 1, 1, 1]",-73,-1887,"[-1, -10, -10, -10, -10, -10, -10, -10, -10, -10]","[0, 0, 0, 0, 0, 0, 0, 0, 0, 0]",-91,-1925,"[-1, -1, 10]","[0, 2, 4]",8,-2078
"[-10, -10, -10, -10, -10, -10, -10, -10, -10, -10]","[2, 2, 2, 2, 2, 2, 2, 2, 2, 2]",-100,-2210,"[-10, -10, -10, -10, -10, -10, -10, -10, -10, -10]","[2, 2, 2, 2, 2, 2, 2, 2, 2, 2]",-100,-2457,"[-1, -1, 10]","[0, 2, 4]",8,-1879,"[-1, -1, -1, -10, -10, -10, -10, -10, -10, -10]","[0, 2, 2, 1, 1, 1, 1, 1, 1, 1]",-73,-1998,"[-1, -1, -1, -10, -10, -10, -10, -10, -10, -10]","[0, 2, 2, 1, 1, 1, 1, 1, 1, 1]",-73,-2151
"[-1, -1, -10, -10, -10, -10, -10, -10, -10, -10]","[0, 2, 1, 1, 1, 1, 1, 1, 1, 1]",-82,-2292,"[-1, -10, -10, -10, -10, -10, -10, -10, -10, -10]","[0, 0, 0, 0, 0, 0, 0, 0, 0, 0]",-91,-2548,"[-10, -10, -10, -10, -10, -10, -10, -10, -10, -10]","[2, 2, 2, 2, 2, 2, 2, 2, 2, 2]",-100,-1979,"[-1, -1, -1, -1, -1, -10, -10, -10, -10, -10]","[0, 2, 2, 1, 5, 1, 1, 1, 1, 1]",-55,-2053,"[-1, -1, -1, -1, -10, -10, -10, -10, -10, -10]","[0, 2, 1, 5, 1, 1, 1, 1, 1, 1]",-64,-2215
"[-1, -1, -10, -10, -10, -10, -10, -10, -10, -10]","[0, 2, 1, 1, 1, 1, 1, 1, 1, 1]",-82,-2374,"[-1, -1, -1, -1, -1, -10, -10, -10, -10, -10]","[0, 2, 2, 1, 5, 1, 1, 1, 1, 1]",-55,-2603,"[-10, -10, -10, -10, -10, -10, -10, -10, -10, -10]","[2, 2, 2, 2, 2, 2, 2, 2, 2, 2]",-100,-2079,"[-1, -1, 10]","[0, 2, 4]",8,-2045,"[-1, -1, -1, -1, -1, 10]","[0, 2, 2, 1, 5, 4]",5,-2210
"[-1, -1, -1, 10]","[0, 2, 2, 4]",7,-2367,"[-1, -1, -10, -10, -10, -10, -10, -10, -10, -10]","[0, 2, 1, 1, 1, 1, 1, 1, 1, 1]",-82,-2685,"[-1, -1, -1, 10]","[0, 2, 2, 4]",7,-2072,"[-1, -1, 10]","[0, 2, 4]",8,-2037,"[-10, -10, -10, -10, -10, -10, -10, -10, -10, -10]","[2, 2, 2, 2, 2, 2, 2, 2, 2, 2]",-100,-2310
"[-1, -1, -1, 10]","[0, 1, 5, 4]",7,-2360,"[-1, -1, 10]","[0, 2, 4]",8,-2677,"[-1, -1, -1, 10]","[0, 2, 2, 4]",7,-2065,"[-10, -10, -10, -10, -10, -10, -10, -10, -10, -10]","[2, 2, 2, 2, 2, 2, 2, 2, 2, 2]",-100,-2137,"[-1, -1, -1, -1, -1, -10, -10, -10, -10, -10]","[0, 2, 2, 1, 5, 1, 1, 1, 1, 1]",-55,-2365
"[-1, -1, -1, 10]","[0, 2, 2, 4]",7,-2353,"[-1, -1, -1, -1, -1, 10]","[0, 2, 2, 1, 5, 4]",5,-2672,"[-1, -1, 10]","[0, 2, 4]",8,-2057,"[-1, -1, 10]","[0, 2, 4]",8,-2129,"[-1, -1, -1, -1, 10]","[0, 2, 1, 5, 4]",6,-2359
"[-1, -1, 10]","[0, 2, 4]",8,-2345,"[-10, -10, -10, -10, -10, -10, -10, -10, -10, -10]","[2, 2, 2, 2, 2, 2, 2, 2, 2, 2]",-100,-2772,"[-1, -1, 10]","[0, 2, 4]",8,-2049,"[-1, -1, -1, -1, -1, -10, -10, -10, -10, -10]","[0, 2, 2, 1, 5, 1, 1, 1, 1, 1]",-55,-2184,"[-10, -10, -10, -10, -10, -10, -10, -10, -10, -10]","[2, 2, 2, 2, 2, 2, 2, 2, 2, 2]",-100,-2459
"[-1, -1, -1, -1, -10, -10, -10, -10, -10, -10]","[0, 2, 1, 5, 1, 1, 1, 1, 1, 1]",-64,-2409,"[-1, -1, -1, -1, -1, -10, -10, -10, -10, -10]","[0, 2, 2, 1, 5, 1, 1, 1, 1, 1]",-55,-2827,"[-1, -1, -1, 10]","[0, 2, 2, 4]",7,-2042,"[-1, -1, -1, -1, -1, 10]","[0, 2, 2, 1, 5, 4]",5,-2179,"[-1, -1, -1, -10, -10, -10, -10, -10, -10, -10]","[0, 1, 5, 1, 1, 1, 1, 1, 1, 1]",-73,-2532
"[-1, -1, 10]","[0, 2, 4]",8,-2401,"[-1, -1, 10]","[0, 2, 4]",8,-2819,"[-1, -1, 10]","[0, 2, 4]",8,-2034,"[-10, -10, -10, -10, -10, -10, -10, -10, -10, -10]","[2, 2, 2, 2, 2, 2, 2, 2, 2, 2]",-100,-2279,"[-1, -1, -1, -1, -1, -10, -10, -10, -10, -10]","[0, 2, 2, 1, 5, 1, 1, 1, 1, 1]",-55,-2587
"[-1, -1, -1, 10]","[0, 2, 2, 4]",7,-2394,"[-1, -1, -1, 10]","[0, 2, 2, 4]",7,-2812,"[-1, -1, -1, 10]","[0, 2, 2, 4]",7,-2027,"[-1, -1, 10]","[0, 2, 4]",8,-2271,"[-1, -1, -1, 10]","[0, 2, 2, 4]",7,-2580
"[-10, -10, -10, -10, -10, -10, -10, -10, -10, -10]","[2, 2, 2, 2, 2, 2, 2, 2, 2, 2]",-100,-2494,"[-1, -1, -1, 10]","[0, 2, 2, 4]",7,-2805,"[-10, -10, -10, -10, -10, -10, -10, -10, -10, -10]","[2, 2, 2, 2, 2, 2, 2, 2, 2, 2]",-100,-2127,"[-1, -1, 10]","[0, 2, 4]",8,-2263,"[-1, -1, 10]","[0, 2, 4]",8,-2572
"[-1, -1, -1, -1, -10, -10, -10, -10, -10, -10]","[0, 2, 1, 5, 1, 1, 1, 1, 1, 1]",-64,-2558,"[-10, -10, -10, -10, -10, -10, -10, -10, -10, -10]","[2, 2, 2, 2, 2, 2, 2, 2, 2, 2]",-100,-2905,"[-10, -10, -10, -10, -10, -10, -10, -10, -10, -10]","[2, 2, 2, 2, 2, 2, 2, 2, 2, 2]",-100,-2227,"[-1, -1, 10]","[0, 2, 4]",8,-2255,"[-1, -1, -1, 10]","[0, 2, 2, 4]",7,-2565
"[-1, -1, -1, -1, 10]","[0, 2, 1, 5, 4]",6,-2552,"[-1, -1, -1, 10]","[0, 1, 5, 4]",7,-2898,"[-1, -1, -1, 10]","[0, 2, 2, 4]",7,-2220,"[-10, -10, -10, -10, -10, -10, -10, -10, -10, -10]","[2, 2, 2, 2, 2, 2, 2, 2, 2, 2]",-100,-2355,"[-1, -1, 10]","[0, 2, 4]",8,-2557
"[-1, -1, -1, -10, -10, -10, -10, -10, -10, -10]","[0, 1, 5, 1, 1, 1, 1, 1, 1, 1]",-73,-2625,"[-1, -1, -1, -1, -10, -10, -10, -10, -10, -10]","[0, 2, 1, 5, 1, 1, 1, 1, 1, 1]",-64,-2962,"[-1, -1, -1, -10, -10, -10, -10, -10, -10, -10]","[0, 2, 2, 1, 1, 1, 1, 1, 1, 1]",-73,-2293,"[-1, -10, -10, -10, -10, -10, -10, -10, -10, -10]","[0, 1, 1, 1, 1, 1, 1, 1, 1, 1]",-91,-2446,"[-1, -1, 10]","[0, 2, 4]",8,-2549
"[-1, -1, 10]","[0, 2, 4]",8,-2617,"[-1, -1, 10]","[0, 2, 4]",8,-2954,"[-10, -10, -10, -10, -10, -10, -10, -10, -10, -10]","[2, 2, 2, 2, 2, 2, 2, 2, 2, 2]",-100,-2393,"[-1, -1, 10]","[0, 2, 4]",8,-2438,"[-1, -1, -1, 10]","[0, 1, 5, 4]",7,-2542
"[-1, -1, -1, 10]","[0, 2, 2, 4]",7,-2610,"[-1, -1, -1, -10, -10, -10, -10, -10, -10, -10]","[0, 1, 5, 1, 1, 1, 1, 1, 1, 1]",-73,-3027,"[-10, -10, -10, -10, -10, -10, -10, -10, -10, -10]","[2, 2, 2, 2, 2, 2, 2, 2, 2, 2]",-100,-2493,"[-1, -1, -1, -1, -1, 10]","[0, 2, 2, 1, 5, 4]",5,-2433,"[-1, -1, -1, 10]","[0, 2, 2, 4]",7,-2535
"[-10, -10, -10, -10, -10, -10, -10, -10, -10, -10]","[2, 2, 2, 2, 2, 2, 2, 2, 2, 2]",-100,-2710,"[-10, -10, -10, -10, -10, -10, -10, -10, -10, -10]","[2, 2, 2, 2, 2, 2, 2, 2, 2, 2]",-100,-3127,"[-10, -10, -10, -10, -10, -10, -10, -10, -10, -10]","[2, 2, 2, 2, 2, 2, 2, 2, 2, 2]",-100,-2593,"[-1, -1, 10]","[0, 2, 4]",8,-2425,"[-1, -1, -10, -10, -10, -10, -10, -10, -10, -10]","[0, 2, 1, 1, 1, 1, 1, 1, 1, 1]",-82,-2617
"[-1, -1, -1, 10]","[0, 2, 2, 4]",7,-2703,"[-1, -1, -1, -1, -1, -10, -10, -10, -10, -10]","[0, 2, 2, 1, 5, 1, 1, 1, 1, 1]",-55,-3182,"[-10, -10, -10, -10, -10, -10, -10, -10, -10, -10]","[2, 2, 2, 2, 2, 2, 2, 2, 2, 2]",-100,-2693,"[-1, -10, -10, -10, -10, -10, -10, -10, -10, -10]","[0, 0, 0, 0, 0, 0, 0, 0, 0, 0]",-91,-2516,"[-10, -10, -10, -10, -10, -10, -10, -10, -10, -10]","[2, 2, 2, 2, 2, 2, 2, 2, 2, 2]",-100,-2717
"[-10, -10, -10, -10, -10, -10, -10, -10, -10, -10]","[2, 2, 2, 2, 2, 2, 2, 2, 2, 2]",-100,-2803,"[-1, -1, -1, -1, -10, -10, -10, -10, -10, -10]","[0, 2, 1, 5, 1, 1, 1, 1, 1, 1]",-64,-3246,"[-1, -10, -10, -10, -10, -10, -10, -10, -10, -10]","[0, 1, 1, 1, 1, 1, 1, 1, 1, 1]",-91,-2784,"[-1, -1, -1, -1, -10, -10, -10, -10, -10, -10]","[0, 2, 1, 5, 1, 1, 1, 1, 1, 1]",-64,-2580,"[-1, -1, -1, 10]","[0, 2, 2, 4]",7,-2710
"[-1, -1, -1, -1, 10]","[0, 2, 1, 5, 4]",6,-2797,"[-10, -10, -10, -10, -10, -10, -10, -10, -10, -10]","[2, 2, 2, 2, 2, 2, 2, 2, 2, 2]",-100,-3346,"[-1, -1, -1, 10]","[0, 1, 5, 4]",7,-2777,"[-1, -10, -10, -10, -10, -10, -10, -10, -10, -10]","[0, 1, 1, 1, 1, 1, 1, 1, 1, 1]",-91,-2671,"[-1, -1, -1, 10]","[0, 2, 2, 4]",7,-2703
"[-10, -10, -10, -10, -10, -10, -10, -10, -10, -10]","[2, 2, 2, 2, 2, 2, 2, 2, 2, 2]",-100,-2897,"[-1, -1, -1, 10]","[0, 2, 2, 4]",7,-3339,"[-1, -1, -1, 10]","[0, 2, 2, 4]",7,-2770,"[-1, -1, 10]","[0, 2, 4]",8,-2663,"[-1, -1, -1, 10]","[0, 1, 5, 4]",7,-2696
"[-1, -1, 10]","[0, 2, 4]",8,-2889,"[-1, -1, 10]","[0, 2, 4]",8,-3331,"[-1, -1, -1, -1, -1, -10, -10, -10, -10, -10]","[0, 2, 2, 1, 5, 1, 1, 1, 1, 1]",-55,-2825,"[-1, -1, -1, -1, -1, 10]","[0, 2, 2, 1, 5, 4]",5,-2658,"[-1, -1, -1, -1, -1, 10]","[0, 2, 2, 1, 5, 4]",5,-2691
"[-1, -1, 10]","[0, 2, 4]",8,-2881,"[-10, -10, -10, -10, -10, -10, -10, -10, -10, -10]","[2, 2, 2, 2, 2, 2, 2, 2, 2, 2]",-100,-3431,"[-1, -1, -1, 10]","[0, 2, 2, 4]",7,-2818,"[-1, -1, 10]","[0, 2, 4]",8,-2650,"[-10, -10, -10, -10, -10, -10, -10, -10, -10, -10]","[2, 2, 2, 2, 2, 2, 2, 2, 2, 2]",-100,-2791
"[-1, -1, 10]","[0, 2, 4]",8,-2873,"[-1, -1, 10]","[0, 2, 4]",8,-3423,"[-1, -1, 10]","[0, 2, 4]",8,-2810,"[-1, -1, -1, -1, -10, -10, -10, -10, -10, -10]","[0, 2, 1, 5, 1, 1, 1, 1, 1, 1]",-64,-2714,"[-10, -10, -10, -10, -10, -10, -10, -10, -10, -10]","[2, 2, 2, 2, 2, 2, 2, 2, 2, 2]",-100,-2891
"[-1, -10, -10, -10, -10, -10, -10, -10, -10, -10]","[0, 1, 1, 1, 1, 1, 1, 1, 1, 1]",-91,-2964,"[-1, -10, -10, -10, -10, -10, -10, -10, -10, -10]","[0, 1, 1, 1, 1, 1, 1, 1, 1, 1]",-91,-3514,"[-1, -1, -10, -10, -10, -10, -10, -10, -10, -10]","[0, 2, 1, 1, 1, 1, 1, 1, 1, 1]",-82,-2892,"[-10, -10, -10, -10, -10, -10, -10, -10, -10, -10]","[2, 2, 2, 2, 2, 2, 2, 2, 2, 2]",-100,-2814,"[-1, -1, -1, 10]","[0, 2, 2, 4]",7,-2884
"[-1, -1, -1, 10]","[0, 1, 5, 4]",7,-2957,"[-10, -10, -10, -10, -10, -10, -10, -10, -10, -10]","[2, 2, 2, 2, 2, 2, 2, 2, 2, 2]",-100,-3614,"[-1, -1, -1, -1, -1, -10, -10, -10, -10, -10]","[0, 2, 2, 1, 5, 1, 1, 1, 1, 1]",-55,-2947,"[-1, -1, -1, 10]","[0, 2, 2, 4]",7,-2807,"[-1, -1, -1, -10, -10, -10, -10, -10, -10, -10]","[0, 2, 2, 1, 1, 1, 1, 1, 1, 1]",-73,-2957
"[-1, -10, -10, -10, -10, -10, -10, -10, -10, -10]","[0, 0, 0, 0, 0, 0, 0, 0, 0, 0]",-91,-3048,"[-10, -10, -10, -10, -10, -10, -10, -10, -10, -10]","[2, 2, 2, 2, 2, 2, 2, 2, 2, 2]",-100,-3714,"[-1, -1, 10]","[0, 2, 4]",8,-2939,"[-1, -10, -10, -10, -10, -10, -10, -10, -10, -10]","[0, 1, 1, 1, 1, 1, 1, 1, 1, 1]",-91,-2898,"[-1, -1, -1, -10, -10, -10, -10, -10, -10, -10]","[0, 2, 2, 1, 1, 1, 1, 1, 1, 1]",-73,-3030
"[-1, -1, -1, 10]","[0, 2, 2, 4]",7,-3041,"[-10, -10, -10, -10, -10, -10, -10, -10, -10, -10]","[2, 2, 2, 2, 2, 2, 2, 2, 2, 2]",-100,-3814,"[-1, -1, -1, -1, -1, 10]","[0, 2, 2, 1, 5, 4]",5,-2934,"[-1, -1, -1, -10, -10, -10, -10, -10, -10, -10]","[0, 2, 2, 1, 1, 1, 1, 1, 1, 1]",-73,-2971,"[-10, -10, -10, -10, -10, -10, -10, -10, -10, -10]","[2, 2, 2, 2, 2, 2, 2, 2, 2, 2]",-100,-3130
"[-1, -1, -1, -1, -1, 10]","[0, 2, 2, 1, 5, 4]",5,-3036,"[-1, -1, -1, 10]","[0, 2, 2, 4]",7,-3807,"[-1, -1, 10]","[0, 2, 4]",8,-2926,"[-1, -1, -10, -10, -10, -10, -10, -10, -10, -10]","[0, 2, 1, 1, 1, 1, 1, 1, 1, 1]",-82,-3053,"[-1, -1, -1, -1, -1, -10, -10, -10, -10, -10]","[0, 2, 2, 1, 5, 1, 1, 1, 1, 1]",-55,-3185
"[-1, -1, -1, -10, -10, -10, -10, -10, -10, -10]","[0, 1, 5, 1, 1, 1, 1, 1, 1, 1]",-73,-3109,"[-1, -1, 10]","[0, 2, 4]",8,-3799,"[-1, -1, 10]","[0, 2, 4]",8,-2918,"[-1, -1, -1, -1, -1, 10]","[0, 2, 2, 1, 5, 4]",5,-3048,"[-1, -1, -10, -10, -10, -10, -10, -10, -10, -10]","[0, 2, 1, 1, 1, 1, 1, 1, 1, 1]",-82,-3267
"[-1, -10, -10, -10, -10, -10, -10, -10, -10, -10]","[0, 0, 0, 0, 0, 0, 0, 0, 0, 0]",-91,-3200,"[-1, -10, -10, -10, -10, -10, -10, -10, -10, -10]","[0, 1, 1, 1, 1, 1, 1, 1, 1, 1]",-91,-3890,"[-1, -1, -1, -10, -10, -10, -10, -10, -10, -10]","[0, 2, 2, 1, 1, 1, 1, 1, 1, 1]",-73,-2991,"[-10, -10, -10, -10, -10, -10, -10, -10, -10, -10]","[2, 2, 2, 2, 2, 2, 2, 2, 2, 2]",-100,-3148,"[-10, -10, -10, -10, -10, -10, -10, -10, -10, -10]","[2, 2, 2, 2, 2, 2, 2, 2, 2, 2]",-100,-3367
"[-1, -1, 10]","[0, 2, 4]",8,-3192,"[-1, -1, -1, 10]","[0, 2, 2, 4]",7,-3883,"[-1, -1, 10]","[0, 2, 4]",8,-2983,"[-1, -1, -1, -10, -10, -10, -10, -10, -10, -10]","[0, 2, 2, 1, 1, 1, 1, 1, 1, 1]",-73,-3221,"[-10, -10, -10, -10, -10, -10, -10, -10, -10, -10]","[2, 2, 2, 2, 2, 2, 2, 2, 2, 2]",-100,-3467
"[-1, -1, -1, -1, -1, -10, -10, -10, -10, -10]","[0, 2, 2, 1, 5, 1, 1, 1, 1, 1]",-55,-3247,"[-1, -1, 10]","[0, 2, 4]",8,-3875,"[-1, -1, -1, -1, -10, -10, -10, -10, -10, -10]","[0, 2, 1, 5, 1, 1, 1, 1, 1, 1]",-64,-3047,"[-1, -1, -1, -1, -10, -10, -10, -10, -10, -10]","[0, 2, 1, 5, 1, 1, 1, 1, 1, 1]",-64,-3285,"[-10, -10, -10, -10, -10, -10, -10, -10, -10, -10]","[2, 2, 2, 2, 2, 2, 2, 2, 2, 2]",-100,-3567
"[-1, -10, -10, -10, -10, -10, -10, -10, -10, -10]","[0, 0, 0, 0, 0, 0, 0, 0, 0, 0]",-91,-3338,"[-10, -10, -10, -10, -10, -10, -10, -10, -10, -10]","[2, 2, 2, 2, 2, 2, 2, 2, 2, 2]",-100,-3975,"[-10, -10, -10, -10, -10, -10, -10, -10, -10, -10]","[2, 2, 2, 2, 2, 2, 2, 2, 2, 2]",-100,-3147,"[-10, -10, -10, -10, -10, -10, -10, -10, -10, -10]","[2, 2, 2, 2, 2, 2, 2, 2, 2, 2]",-100,-3385,"[-10, -10, -10, -10, -10, -10, -10, -10, -10, -10]","[2, 2, 2, 2, 2, 2, 2, 2, 2, 2]",-100,-3667
"[-1, -1, -1, 10]","[0, 2, 2, 4]",7,-3331,"[-1, -1, 10]","[0, 2, 4]",8,-3967,"[-1, -1, -1, 10]","[0, 2, 2, 4]",7,-3140,"[-10, -10, -10, -10, -10, -10, -10, -10, -10, -10]","[2, 2, 2, 2, 2, 2, 2, 2, 2, 2]",-100,-3485,"[-1, -1, 10]","[0, 2, 4]",8,-3659
"[-10, -10, -10, -10, -10, -10, -10, -10, -10, -10]","[2, 2, 2, 2, 2, 2, 2, 2, 2, 2]",-100,-3431,"[-10, -10, -10, -10, -10, -10, -10, -10, -10, -10]","[2, 2, 2, 2, 2, 2, 2, 2, 2, 2]",-100,-4067,"[-10, -10, -10, -10, -10, -10, -10, -10, -10, -10]","[2, 2, 2, 2, 2, 2, 2, 2, 2, 2]",-100,-3240,"[-10, -10, -10, -10, -10, -10, -10, -10, -10, -10]","[2, 2, 2, 2, 2, 2, 2, 2, 2, 2]",-100,-3585,"[-1, -1, -1, 10]","[0, 2, 2, 4]",7,-3652
"[-1, -1, -10, -10, -10, -10, -10, -10, -10, -10]","[0, 2, 1, 1, 1, 1, 1, 1, 1, 1]",-82,-3513,"[-1, -1, -1, 10]","[0, 2, 2, 4]",7,-4060,"[-1, -1, 10]","[0, 2, 4]",8,-3232,"[-1, -1, -1, -10, -10, -10, -10, -10, -10, -10]","[0, 2, 2, 1, 1, 1, 1, 1, 1, 1]",-73,-3658,"[-10, -10, -10, -10, -10, -10, -10, -10, -10, -10]","[2, 2, 2, 2, 2, 2, 2, 2, 2, 2]",-100,-3752
"[-1, -1, -1, 10]","[0, 2, 2, 4]",7,-3506,"[-1, -1, -1, 10]","[0, 2, 2, 4]",7,-4053,"[-1, -1, -1, -1, 10]","[0, 2, 1, 5, 4]",6,-3226,"[-1, -1, -1, -1, -10, -10, -10, -10, -10, -10]","[0, 2, 1, 5, 1, 1, 1, 1, 1, 1]",-64,-3722,"[-1, -1, -1, 10]","[0, 2, 2, 4]",7,-3745
"[-1, -1, -1, 10]","[0, 2, 2, 4]",7,-3499,"[-10, -10, -10, -10, -10, -10, -10, -10, -10, -10]","[2, 2, 2, 2, 2, 2, 2, 2, 2, 2]",-100,-4153,"[-1, -1, -1, 10]","[0, 2, 2, 4]",7,-3219,"[-1, -1, -10, -10, -10, -10, -10, -10, -10, -10]","[0, 2, 1, 1, 1, 1, 1, 1, 1, 1]",-82,-3804,"[-1, -1, -1, -1, -10, -10, -10, -10, -10, -10]","[0, 2, 1, 5, 1, 1, 1, 1, 1, 1]",-64,-3809
"[-1, -1, -1, -1, 10]","[0, 2, 1, 5, 4]",6,-3493,"[-1, -1, 10]","[0, 2, 4]",8,-4145,"[-1, -1, -1, 10]","[0, 2, 2, 4]",7,-3212,"[-1, -1, 10]","[0, 2, 4]",8,-3796,"[-1, -1, -1, -10, -10, -10, -10, -10, -10, -10]","[0, 2, 2, 1, 1, 1, 1, 1, 1, 1]",-73,-3882
"[-1, -1, 10]","[0, 2, 4]",8,-3485,"[-10, -10, -10, -10, -10, -10, -10, -10, -10, -10]","[2, 2, 2, 2, 2, 2, 2, 2, 2, 2]",-100,-4245,"[-10, -10, -10, -10, -10, -10, -10, -10, -10, -10]","[2, 2, 2, 2, 2, 2, 2, 2, 2, 2]",-100,-3312,"[-1, -1, -1, -1, 10]","[0, 2, 1, 5, 4]",6,-3790,"[-10, -10, -10, -10, -10, -10, -10, -10, -10, -10]","[2, 2, 2, 2, 2, 2, 2, 2, 2, 2]",-100,-3982
"[-1, -1, -1, -1, -1, 10]","[0, 2, 2, 1, 5, 4]",5,-3480,"[-1, -1, -1, -1, -10, -10, -10, -10, -10, -10]","[0, 2, 1, 5, 1, 1, 1, 1, 1, 1]",-64,-4309,"[-1, -1, 10]","[0, 2, 4]",8,-3304,"[-10, -10, -10, -10, -10, -10, -10, -10, -10, -10]","[2, 2, 2, 2, 2, 2, 2, 2, 2, 2]",-100,-3890,"[-1, -1, -1, -10, -10, -10, -10, -10, -10, -10]","[0, 2, 2, 1, 1, 1, 1, 1, 1, 1]",-73,-4055
"[-1, -1, 10]","[0, 2, 4]",8,-3472,"[-1, -1, -1, -1, -1, 10]","[0, 2, 2, 1, 5, 4]",5,-4304,"[-1, -1, -1, -1, 10]","[0, 2, 1, 5, 4]",6,-3298,"[-1, -1, -1, -1, 10]","[0, 2, 1, 5, 4]",6,-3884,"[-1, -10, -10, -10, -10, -10, -10, -10, -10, -10]","[0, 1, 1, 1, 1, 1, 1, 1, 1, 1]",-91,-4146
"[-1, -1, -1, 10]","[0, 1, 5, 4]",7,-3465,"[-1, -1, -1, 10]","[0, 2, 2, 4]",7,-4297,"[-1, -1, -1, 10]","[0, 2, 2, 4]",7,-3291,"[-1, -1, -1, 10]","[0, 2, 2, 4]",7,-3877,"[-1, -10, -10, -10, -10, -10, -10, -10, -10, -10]","[0, 0, 0, 0, 0, 0, 0, 0, 0, 0]",-91,-4237
"[-10, -10, -10, -10, -10, -10, -10, -10, -10, -10]","[2, 2, 2, 2, 2, 2, 2, 2, 2, 2]",-100,-3565,"[-10, -10, -10, -10, -10, -10, -10, -10, -10, -10]","[2, 2, 2, 2, 2, 2, 2, 2, 2, 2]",-100,-4397,"[-10, -10, -10, -10, -10, -10, -10, -10, -10, -10]","[2, 2, 2, 2, 2, 2, 2, 2, 2, 2]",-100,-3391,"[-1, -1, 10]","[0, 2, 4]",8,-3869,"[-1, -1, -1, -1, 10]","[0, 2, 1, 5, 4]",6,-4231
"[-1, -1, -1, 10]","[0, 2, 2, 4]",7,-3558,"[-10, -10, -10, -10, -10, -10, -10, -10, -10, -10]","[2, 2, 2, 2, 2, 2, 2, 2, 2, 2]",-100,-4497,"[-1, -1, 10]","[0, 2, 4]",8,-3383,"[-10, -10, -10, -10, -10, -10, -10, -10, -10, -10]","[2, 2, 2, 2, 2, 2, 2, 2, 2, 2]",-100,-3969,"[-10, -10, -10, -10, -10, -10, -10, -10, -10, -10]","[2, 2, 2, 2, 2, 2, 2, 2, 2, 2]",-100,-4331
"[-1, -1, 10]","[0, 2, 4]",8,-3550,"[-1, -10, -10, -10, -10, -10, -10, -10, -10, -10]","[0, 0, 0, 0, 0, 0, 0, 0, 0, 0]",-91,-4588,"[-1, -1, 10]","[0, 2, 4]",8,-3375,"[-1, -1, -1, -1, -1, -10, -10, -10, -10, -10]","[0, 2, 2, 1, 5, 1, 1, 1, 1, 1]",-55,-4024,"[-1, -1, -1, 10]","[0, 2, 2, 4]",7,-4324
"[-10, -10, -10, -10, -10, -10, -10, -10, -10, -10]","[2, 2, 2, 2, 2, 2, 2, 2, 2, 2]",-100,-3650,"[-1, -1, -1, -1, 10]","[0, 2, 1, 5, 4]",6,-4582,"[-10, -10, -10, -10, -10, -10, -10, -10, -10, -10]","[2, 2, 2, 2, 2, 2, 2, 2, 2, 2]",-100,-3475,"[-10, -10, -10, -10, -10, -10, -10, -10, -10, -10]","[2, 2, 2, 2, 2, 2, 2, 2, 2, 2]",-100,-4124,"[-1, -1, -1, 10]","[0, 2, 2, 4]",7,-4317
"[-1, -1, -10, -10, -10, -10, -10, -10, -10, -10]","[0, 2, 1, 1, 1, 1, 1, 1, 1, 1]",-82,-3732,"[-10, -10, -10, -10, -10, -10, -10, -10, -10, -10]","[2, 2, 2, 2, 2, 2, 2, 2, 2, 2]",-100,-4682,"[-1, -1, -1, 10]","[0, 2, 2, 4]",7,-3468,"[-1, -1, -1, 10]","[0, 1, 5, 4]",7,-4117,"[-1, -1, -1, 10]","[0, 2, 2, 4]",7,-4310
"[-1, -1, -1, -10, -10, -10, -10, -10, -10, -10]","[0, 1, 5, 1, 1, 1, 1, 1, 1, 1]",-73,-3805,"[-1, -1, 10]","[0, 2, 4]",8,-4674,"[-1, -1, -1, -1, -1, -10, -10, -10, -10, -10]","[0, 2, 2, 1, 5, 1, 1, 1, 1, 1]",-55,-3523,"[-1, -1, 10]","[0, 2, 4]",8,-4109,"[-1, -1, -1, 10]","[0, 2, 2, 4]",7,-4303
"[-1, -1, -1, 10]","[0, 2, 2, 4]",7,-3798,"[-1, -1, -10, -10, -10, -10, -10, -10, -10, -10]","[0, 2, 1, 1, 1, 1, 1, 1, 1, 1]",-82,-4756,"[-1, -1, -1, -10, -10, -10, -10, -10, -10, -10]","[0, 2, 2, 1, 1, 1, 1, 1, 1, 1]",-73,-3596,"[-1, -1, 10]","[0, 2, 4]",8,-4101,"[-1, -1, -10, -10, -10, -10, -10, -10, -10, -10]","[0, 2, 1, 1, 1, 1, 1, 1, 1, 1]",-82,-4385
"[-10, -10, -10, -10, -10, -10, -10, -10, -10, -10]","[2, 2, 2, 2, 2, 2, 2, 2, 2, 2]",-100,-3898,"[-1, -1, -1, -1, -10, -10, -10, -10, -10, -10]","[0, 2, 1, 5, 1, 1, 1, 1, 1, 1]",-64,-4820,"[-1, -10, -10, -10, -10, -10, -10, -10, -10, -10]","[0, 0, 0, 0, 0, 0, 0, 0, 0, 0]",-91,-3687,"[-1, -1, -1, -1, 10]","[0, 2, 1, 5, 4]",6,-4095,"[-1, -1, -10, -10, -10, -10, -10, -10, -10, -10]","[0, 2, 1, 1, 1, 1, 1, 1, 1, 1]",-82,-4467
"[-1, -10, -10, -10, -10, -10, -10, -10, -10, -10]","[0, 1, 1, 1, 1, 1, 1, 1, 1, 1]",-91,-3989,"[-1, -1, -1, 10]","[0, 2, 2, 4]",7,-4813,"[-1, -1, -1, 10]","[0, 2, 2, 4]",7,-3680,"[-1, -1, 10]","[0, 2, 4]",8,-4087,"[-10, -10, -10, -10, -10, -10, -10, -10, -10, -10]","[2, 2, 2, 2, 2, 2, 2, 2, 2, 2]",-100,-4567
"[-1, -1, -1, -10, -10, -10, -10, -10, -10, -10]","[0, 1, 5, 1, 1, 1, 1, 1, 1, 1]",-73,-4062,"[-10, -10, -10, -10, -10, -10, -10, -10, -10, -10]","[2, 2, 2, 2, 2, 2, 2, 2, 2, 2]",-100,-4913,"[-1, -1, -1, -1, -1, -10, -10, -10, -10, -10]","[0, 2, 2, 1, 5, 1, 1, 1, 1, 1]",-55,-3735,"[-1, -1, -1, -10, -10, -10, -10, -10, -10, -10]","[0, 2, 2, 1, 1, 1, 1, 1, 1, 1]",-73,-4160,"[-10, -10, -10, -10, -10, -10, -10, -10, -10, -10]","[2, 2, 2, 2, 2, 2, 2, 2, 2, 2]",-100,-4667
