0,1,2,3,4,5,6,7,8,9,10,11,12,13,14,15,16,17,18,19
"[-10, -10, -10, -10, -10, -10, -10, -10, -10, -10]","[3, 3, 3, 3, 3, 3, 3, 3, 3, 3]",-100,-100,"[-1, -1, -1, -1, 10]","[0, 3, 1, 5, 4]",6,6,"[-10, -10, -10, -10, -10, -10, -10, -10, -10, -10]","[1, 1, 1, 1, 1, 1, 1, 1, 1, 1]",-100,-100,"[-1, -1, -1, 10]","[0, 1, 5, 4]",7,7,"[-10, -10, -10, -10, -10, -10, -10, -10, -10, -10]","[3, 3, 3, 3, 3, 3, 3, 3, 3, 3]",-100,-100
"[-10, -10, -10, -10, -10, -10, -10, -10, -10, -10]","[2, 2, 2, 2, 2, 2, 2, 2, 2, 2]",-100,-200,"[-1, -1, -1, 10]","[0, 2, 2, 4]",7,13,"[-1, -1, 10]","[0, 2, 4]",8,-92,"[-10, -10, -10, -10, -10, -10, -10, -10, -10, -10]","[1, 1, 1, 1, 1, 1, 1, 1, 1, 1]",-100,-93,"[-1, -1, -1, 10]","[0, 2, 2, 4]",7,-93
"[-1, -1, -1, 10]","[0, 1, 5, 4]",7,-193,"[-1, -1, 10]","[0, 2, 4]",8,21,"[-1, -1, 10]","[0, 2, 4]",8,-84,"[-10, -10, -10, -10, -10, -10, -10, -10, -10, -10]","[1, 1, 1, 1, 1, 1, 1, 1, 1, 1]",-100,-193,"[-1, -1, -1, 10]","[0, 2, 2, 4]",7,-86
"[-1, -1, -1, 10]","[0, 2, 2, 4]",7,-186,"[-1, -1, -1, 10]","[0, 2, 2, 4]",7,28,"[-10, -10, -10, -10, -10, -10, -10, -10, -10, -10]","[1, 1, 1, 1, 1, 1, 1, 1, 1, 1]",-100,-184,"[-1, -1, 10]","[0, 2, 4]",8,-185,"[-1, -1, 10]","[0, 2, 4]",8,-78
"[-1, -1, -1, 10]","[0, 2, 2, 4]",7,-179,"[-1, -1, -1, -1, -1, 10]","[0, 2, 2, 1, 5, 4]",5,33,"[-1, -1, -1, 10]","[0, 2, 2, 4]",7,-177,"[-1, -1, -1, 10]","[0, 1, 5, 4]",7,-178,"[-1, -1, -1, -1, 10]","[0, 2, 1, 5, 4]",6,-72
"[-1, -1, 10]","[0, 2, 4]",8,-171,"[-10, -10, -10, -10, -10, -10, -10, -10, -10, -10]","[3, 3, 3, 3, 3, 3, 3, 3, 3, 3]",-100,-67,"[-10, -10, -10, -10, -10, -10, -10, -10, -10, -10]","[2, 2, 2, 2, 2, 2, 2, 2, 2, 2]",-100,-277,"[-1, -1, -1, 10]","[0, 1, 5, 4]",7,-171,"[-10, -10, -10, -10, -10, -10, -10, -10, -10, -10]","[1, 1, 1, 1, 1, 1, 1, 1, 1, 1]",-100,-172
"[-1, -1, -1, 10]","[0, 1, 5, 4]",7,-164,"[-10, -10, -10, -10, -10, -10, -10, -10, -10, -10]","[2, 2, 2, 2, 2, 2, 2, 2, 2, 2]",-100,-167,"[-10, -10, -10, -10, -10, -10, -10, -10, -10, -10]","[3, 3, 3, 3, 3, 3, 3, 3, 3, 3]",-100,-377,"[-1, -1, -1, -1, 10]","[0, 3, 1, 5, 4]",6,-165,"[-10, -10, -10, -10, -10, -10, -10, -10, -10, -10]","[2, 2, 2, 2, 2, 2, 2, 2, 2, 2]",-100,-272
"[-1, -1, -1, 10]","[0, 2, 2, 4]",7,-157,"[-1, -1, -1, 10]","[0, 2, 2, 4]",7,-160,"[-10, -10, -10, -10, -10, -10, -10, -10, -10, -10]","[3, 3, 3, 3, 3, 3, 3, 3, 3, 3]",-100,-477,"[-1, -10, -10, -10, -10, -10, -10, -10, -10, -10]","[0, 3, 3, 3, 3, 3, 3, 3, 3, 3]",-91,-256,"[-1, -1, -1, -1, 10]","[0, 3, 1, 5, 4]",6,-266
"[-1, -10, -10, -10, -10, -10, -10, -10, -10, -10]","[0, 3, 3, 3, 3, 3, 3, 3, 3, 3]",-91,-248,"[-1, -1, -1, 10]","[0, 2, 2, 4]",7,-153,"[-1, -1, 10]","[0, 2, 4]",8,-469,"[-1, -1, -1, -1, -1, 10]","[0, 2, 2, 1, 5, 4]",5,-251,"[-1, -1, -1, -1, 10]","[0, 2, 1, 5, 4]",6,-260
"[-1, -1, -1, 10]","[0, 2, 2, 4]",7,-241,"[-10, -10, -10, -10, -10, -10, -10, -10, -10, -10]","[3, 3, 3, 3, 3, 3, 3, 3, 3, 3]",-100,-253,"[-1, -1, -1, -1, 10]","[0, 3, 1, 5, 4]",6,-463,"[-1, -1, -1, 10]","[0, 2, 2, 4]",7,-244,"[-1, -1, -1, -1, -1, 10]","[0, 2, 2, 1, 5, 4]",5,-255
"[-1, -1, 10]","[0, 2, 4]",8,-233,"[-1, -1, -1, 10]","[0, 1, 5, 4]",7,-246,"[-1, -1, 10]","[0, 2, 4]",8,-455,"[-10, -10, -10, -10, -10, -10, -10, -10, -10, -10]","[1, 1, 1, 1, 1, 1, 1, 1, 1, 1]",-100,-344,"[-1, -1, 10]","[0, 2, 4]",8,-247
"[-10, -10, -10, -10, -10, -10, -10, -10, -10, -10]","[3, 3, 3, 3, 3, 3, 3, 3, 3, 3]",-100,-333,"[-1, -10, -10, -10, -10, -10, -10, -10, -10, -10]","[0, 3, 3, 3, 3, 3, 3, 3, 3, 3]",-91,-337,"[-1, -1, 10]","[0, 2, 4]",8,-447,"[-1, -1, -1, 10]","[0, 2, 2, 4]",7,-337,"[-10, -10, -10, -10, -10, -10, -10, -10, -10, -10]","[2, 2, 2, 2, 2, 2, 2, 2, 2, 2]",-100,-347
"[-10, -10, -10, -10, -10, -10, -10, -10, -10, -10]","[3, 3, 3, 3, 3, 3, 3, 3, 3, 3]",-100,-433,"[-10, -10, -10, -10, -10, -10, -10, -10, -10, -10]","[3, 3, 3, 3, 3, 3, 3, 3, 3, 3]",-100,-437,"[-10, -10, -10, -10, -10, -10, -10, -10, -10, -10]","[1, 1, 1, 1, 1, 1, 1, 1, 1, 1]",-100,-547,"[-10, -10, -10, -10, -10, -10, -10, -10, -10, -10]","[2, 2, 2, 2, 2, 2, 2, 2, 2, 2]",-100,-437,"[-1, -1, -1, 10]","[0, 2, 2, 4]",7,-340
"[-1, -1, -1, -1, 10]","[0, 3, 1, 5, 4]",6,-427,"[-1, -1, -1, 10]","[0, 2, 2, 4]",7,-430,"[-10, -10, -10, -10, -10, -10, -10, -10, -10, -10]","[2, 2, 2, 2, 2, 2, 2, 2, 2, 2]",-100,-647,"[-1, -1, -1, 10]","[0, 2, 2, 4]",7,-430,"[-1, -1, -1, -1, -1, 10]","[0, 2, 2, 1, 5, 4]",5,-335
"[-1, -1, 10]","[0, 2, 4]",8,-419,"[-10, -10, -10, -10, -10, -10, -10, -10, -10, -10]","[2, 2, 2, 2, 2, 2, 2, 2, 2, 2]",-100,-530,"[-1, -1, 10]","[0, 2, 4]",8,-639,"[-1, -1, -1, -1, -1, 10]","[0, 2, 2, 1, 5, 4]",5,-425,"[-10, -10, -10, -10, -10, -10, -10, -10, -10, -10]","[1, 1, 1, 1, 1, 1, 1, 1, 1, 1]",-100,-435
"[-1, -1, -1, -1, 10]","[0, 2, 1, 5, 4]",6,-413,"[-10, -10, -10, -10, -10, -10, -10, -10, -10, -10]","[2, 2, 2, 2, 2, 2, 2, 2, 2, 2]",-100,-630,"[-1, -1, -1, 10]","[0, 1, 5, 4]",7,-632,"[-1, -1, 10]","[0, 2, 4]",8,-417,"[-10, -10, -10, -10, -10, -10, -10, -10, -10, -10]","[2, 2, 2, 2, 2, 2, 2, 2, 2, 2]",-100,-535
"[-1, -1, -1, 10]","[0, 2, 2, 4]",7,-406,"[-10, -10, -10, -10, -10, -10, -10, -10, -10, -10]","[1, 1, 1, 1, 1, 1, 1, 1, 1, 1]",-100,-730,"[-10, -10, -10, -10, -10, -10, -10, -10, -10, -10]","[1, 1, 1, 1, 1, 1, 1, 1, 1, 1]",-100,-732,"[-1, -1, 10]","[0, 2, 4]",8,-409,"[-1, -10, -10, -10, -10, -10, -10, -10, -10, -10]","[0, 3, 3, 3, 3, 3, 3, 3, 3, 3]",-91,-626
"[-10, -10, -10, -10, -10, -10, -10, -10, -10, -10]","[3, 3, 3, 3, 3, 3, 3, 3, 3, 3]",-100,-506,"[-10, -10, -10, -10, -10, -10, -10, -10, -10, -10]","[1, 1, 1, 1, 1, 1, 1, 1, 1, 1]",-100,-830,"[-1, -1, 10]","[0, 2, 4]",8,-724,"[-1, -1, 10]","[0, 2, 4]",8,-401,"[-10, -10, -10, -10, -10, -10, -10, -10, -10, -10]","[1, 1, 1, 1, 1, 1, 1, 1, 1, 1]",-100,-726
"[-1, -1, -1, -1, 10]","[0, 3, 1, 5, 4]",6,-500,"[-1, -1, -1, -1, 10]","[0, 2, 1, 5, 4]",6,-824,"[-10, -10, -10, -10, -10, -10, -10, -10, -10, -10]","[1, 1, 1, 1, 1, 1, 1, 1, 1, 1]",-100,-824,"[-1, -1, -1, -1, -1, 10]","[0, 2, 2, 1, 5, 4]",5,-396,"[-1, -1, 10]","[0, 2, 4]",8,-718
"[-10, -10, -10, -10, -10, -10, -10, -10, -10, -10]","[2, 2, 2, 2, 2, 2, 2, 2, 2, 2]",-100,-600,"[-1, -1, -1, 10]","[0, 1, 5, 4]",7,-817,"[-1, -10, -10, -10, -10, -10, -10, -10, -10, -10]","[0, 5, 5, 5, 5, 5, 5, 5, 5, 5]",-91,-915,"[-1, -1, -1, -1, 10]","[0, 2, 1, 5, 4]",6,-390,"[-10, -10, -10, -10, -10, -10, -10, -10, -10, -10]","[2, 2, 2, 2, 2, 2, 2, 2, 2, 2]",-100,-818
"[-1, -1, -1, 10]","[0, 2, 2, 4]",7,-593,"[-1, -1, 10]","[0, 2, 4]",8,-809,"[-10, -10, -10, -10, -10, -10, -10, -10, -10, -10]","[3, 3, 3, 3, 3, 3, 3, 3, 3, 3]",-100,-1015,"[-1, -1, -1, -1, 10]","[0, 2, 1, 5, 4]",6,-384,"[-1, -1, -1, -1, -1, 10]","[0, 2, 2, 1, 5, 4]",5,-813
"[-10, -10, -10, -10, -10, -10, -10, -10, -10, -10]","[3, 3, 3, 3, 3, 3, 3, 3, 3, 3]",-100,-693,"[-1, -10, -10, -10, -10, -10, -10, -10, -10, -10]","[0, 3, 3, 3, 3, 3, 3, 3, 3, 3]",-91,-900,"[-10, -10, -10, -10, -10, -10, -10, -10, -10, -10]","[2, 2, 2, 2, 2, 2, 2, 2, 2, 2]",-100,-1115,"[-1, -1, -1, -1, 10]","[0, 2, 1, 5, 4]",6,-378,"[-10, -10, -10, -10, -10, -10, -10, -10, -10, -10]","[2, 2, 2, 2, 2, 2, 2, 2, 2, 2]",-100,-913
"[-10, -10, -10, -10, -10, -10, -10, -10, -10, -10]","[1, 1, 1, 1, 1, 1, 1, 1, 1, 1]",-100,-793,"[-1, -1, 10]","[0, 2, 4]",8,-892,"[-1, -1, 10]","[0, 2, 4]",8,-1107,"[-1, -1, 10]","[0, 2, 4]",8,-370,"[-1, -1, -1, -1, 10]","[0, 2, 1, 5, 4]",6,-907
"[-10, -10, -10, -10, -10, -10, -10, -10, -10, -10]","[1, 1, 1, 1, 1, 1, 1, 1, 1, 1]",-100,-893,"[-1, -1, -1, 10]","[0, 2, 2, 4]",7,-885,"[-1, -10, -10, -10, -10, -10, -10, -10, -10, -10]","[0, 5, 5, 5, 5, 5, 5, 5, 5, 5]",-91,-1198,"[-1, -1, -1, -1, -1, 10]","[0, 2, 2, 1, 5, 4]",5,-365,"[-10, -10, -10, -10, -10, -10, -10, -10, -10, -10]","[1, 1, 1, 1, 1, 1, 1, 1, 1, 1]",-100,-1007
"[-10, -10, -10, -10, -10, -10, -10, -10, -10, -10]","[1, 1, 1, 1, 1, 1, 1, 1, 1, 1]",-100,-993,"[-10, -10, -10, -10, -10, -10, -10, -10, -10, -10]","[1, 1, 1, 1, 1, 1, 1, 1, 1, 1]",-100,-985,"[-1, -1, -1, 10]","[0, 1, 5, 4]",7,-1191,"[-10, -10, -10, -10, -10, -10, -10, -10, -10, -10]","[3, 3, 3, 3, 3, 3, 3, 3, 3, 3]",-100,-465,"[-10, -10, -10, -10, -10, -10, -10, -10, -10, -10]","[3, 3, 3, 3, 3, 3, 3, 3, 3, 3]",-100,-1107
"[-1, -1, 10]","[0, 2, 4]",8,-985,"[-1, -1, -1, -1, 10]","[0, 2, 1, 5, 4]",6,-979,"[-1, -1, -1, 10]","[0, 1, 5, 4]",7,-1184,"[-1, -1, 10]","[0, 2, 4]",8,-457,"[-10, -10, -10, -10, -10, -10, -10, -10, -10, -10]","[1, 1, 1, 1, 1, 1, 1, 1, 1, 1]",-100,-1207
"[-1, -1, -1, -1, -1, 10]","[0, 2, 2, 1, 5, 4]",5,-980,"[-10, -10, -10, -10, -10, -10, -10, -10, -10, -10]","[1, 1, 1, 1, 1, 1, 1, 1, 1, 1]",-100,-1079,"[-1, -1, -1, 10]","[0, 2, 2, 4]",7,-1177,"[-1, -1, -1, 10]","[0, 2, 2, 4]",7,-450,"[-1, -1, 10]","[0, 2, 4]",8,-1199
"[-10, -10, -10, -10, -10, -10, -10, -10, -10, -10]","[3, 3, 3, 3, 3, 3, 3, 3, 3, 3]",-100,-1080,"[-1, -1, 10]","[0, 2, 4]",8,-1071,"[-1, -1, -1, 10]","[0, 2, 2, 4]",7,-1170,"[-1, -1, -1, 10]","[0, 2, 2, 4]",7,-443,"[-10, -10, -10, -10, -10, -10, -10, -10, -10, -10]","[2, 2, 2, 2, 2, 2, 2, 2, 2, 2]",-100,-1299
"[-1, -10, -10, -10, -10, -10, -10, -10, -10, -10]","[0, 3, 3, 3, 3, 3, 3, 3, 3, 3]",-91,-1171,"[-1, -1, -1, -1, 10]","[0, 3, 1, 5, 4]",6,-1065,"[-1, -1, -1, 10]","[0, 2, 2, 4]",7,-1163,"[-10, -10, -10, -10, -10, -10, -10, -10, -10, -10]","[3, 3, 3, 3, 3, 3, 3, 3, 3, 3]",-100,-543,"[-10, -10, -10, -10, -10, -10, -10, -10, -10, -10]","[3, 3, 3, 3, 3, 3, 3, 3, 3, 3]",-100,-1399
"[-10, -10, -10, -10, -10, -10, -10, -10, -10, -10]","[1, 1, 1, 1, 1, 1, 1, 1, 1, 1]",-100,-1271,"[-1, -1, -1, -1, 10]","[0, 2, 1, 5, 4]",6,-1059,"[-10, -10, -10, -10, -10, -10, -10, -10, -10, -10]","[2, 2, 2, 2, 2, 2, 2, 2, 2, 2]",-100,-1263,"[-1, -1, -1, 10]","[0, 2, 2, 4]",7,-536,"[-10, -10, -10, -10, -10, -10, -10, -10, -10, -10]","[2, 2, 2, 2, 2, 2, 2, 2, 2, 2]",-100,-1499
"[-1, -1, -1, 10]","[0, 2, 2, 4]",7,-1264,"[-1, -1, -1, 10]","[0, 2, 2, 4]",7,-1052,"[-10, -10, -10, -10, -10, -10, -10, -10, -10, -10]","[3, 3, 3, 3, 3, 3, 3, 3, 3, 3]",-100,-1363,"[-1, -1, 10]","[0, 2, 4]",8,-528,"[-10, -10, -10, -10, -10, -10, -10, -10, -10, -10]","[2, 2, 2, 2, 2, 2, 2, 2, 2, 2]",-100,-1599
"[-1, -1, 10]","[0, 2, 4]",8,-1256,"[-1, -1, -1, -1, 10]","[0, 2, 1, 5, 4]",6,-1046,"[-1, -10, -10, -10, -10, -10, -10, -10, -10, -10]","[0, 5, 5, 5, 5, 5, 5, 5, 5, 5]",-91,-1454,"[-10, -10, -10, -10, -10, -10, -10, -10, -10, -10]","[3, 3, 3, 3, 3, 3, 3, 3, 3, 3]",-100,-628,"[-1, -1, -1, 10]","[0, 2, 2, 4]",7,-1592
"[-1, -1, 10]","[0, 2, 4]",8,-1248,"[-1, -10, -10, -10, -10, -10, -10, -10, -10, -10]","[0, 5, 5, 5, 5, 5, 5, 5, 5, 5]",-91,-1137,"[-1, -1, 10]","[0, 2, 4]",8,-1446,"[-1, -1, -1, -1, 10]","[0, 2, 1, 5, 4]",6,-622,"[-1, -1, -1, 10]","[0, 2, 2, 4]",7,-1585
"[-10, -10, -10, -10, -10, -10, -10, -10, -10, -10]","[3, 3, 3, 3, 3, 3, 3, 3, 3, 3]",-100,-1348,"[-1, -10, -10, -10, -10, -10, -10, -10, -10, -10]","[0, 5, 5, 5, 5, 5, 5, 5, 5, 5]",-91,-1228,"[-1, -1, -1, 10]","[0, 2, 2, 4]",7,-1439,"[-1, -1, -1, 10]","[0, 2, 2, 4]",7,-615,"[-1, -1, -1, 10]","[0, 2, 2, 4]",7,-1578
"[-10, -10, -10, -10, -10, -10, -10, -10, -10, -10]","[2, 2, 2, 2, 2, 2, 2, 2, 2, 2]",-100,-1448,"[-10, -10, -10, -10, -10, -10, -10, -10, -10, -10]","[1, 1, 1, 1, 1, 1, 1, 1, 1, 1]",-100,-1328,"[-1, -1, -1, 10]","[0, 2, 2, 4]",7,-1432,"[-10, -10, -10, -10, -10, -10, -10, -10, -10, -10]","[1, 1, 1, 1, 1, 1, 1, 1, 1, 1]",-100,-715,"[-10, -10, -10, -10, -10, -10, -10, -10, -10, -10]","[2, 2, 2, 2, 2, 2, 2, 2, 2, 2]",-100,-1678
"[-10, -10, -10, -10, -10, -10, -10, -10, -10, -10]","[1, 1, 1, 1, 1, 1, 1, 1, 1, 1]",-100,-1548,"[-1, -1, -1, 10]","[0, 2, 2, 4]",7,-1321,"[-1, -1, 10]","[0, 2, 4]",8,-1424,"[-1, -1, -1, 10]","[0, 2, 2, 4]",7,-708,"[-10, -10, -10, -10, -10, -10, -10, -10, -10, -10]","[3, 3, 3, 3, 3, 3, 3, 3, 3, 3]",-100,-1778
"[-1, -1, -1, 10]","[0, 2, 2, 4]",7,-1541,"[-1, -1, -1, 10]","[0, 2, 2, 4]",7,-1314,"[-1, -10, -10, -10, -10, -10, -10, -10, -10, -10]","[0, 3, 3, 3, 3, 3, 3, 3, 3, 3]",-91,-1515,"[-10, -10, -10, -10, -10, -10, -10, -10, -10, -10]","[2, 2, 2, 2, 2, 2, 2, 2, 2, 2]",-100,-808,"[-1, -1, -1, 10]","[0, 1, 5, 4]",7,-1771
"[-1, -1, -1, 10]","[0, 2, 2, 4]",7,-1534,"[-10, -10, -10, -10, -10, -10, -10, -10, -10, -10]","[1, 1, 1, 1, 1, 1, 1, 1, 1, 1]",-100,-1414,"[-10, -10, -10, -10, -10, -10, -10, -10, -10, -10]","[3, 3, 3, 3, 3, 3, 3, 3, 3, 3]",-100,-1615,"[-1, -1, -1, 10]","[0, 2, 2, 4]",7,-801,"[-10, -10, -10, -10, -10, -10, -10, -10, -10, -10]","[2, 2, 2, 2, 2, 2, 2, 2, 2, 2]",-100,-1871
"[-1, -1, -1, 10]","[0, 2, 2, 4]",7,-1527,"[-1, -1, -1, -1, 10]","[0, 3, 1, 5, 4]",6,-1408,"[-10, -10, -10, -10, -10, -10, -10, -10, -10, -10]","[3, 3, 3, 3, 3, 3, 3, 3, 3, 3]",-100,-1715,"[-1, -1, 10]","[0, 2, 4]",8,-793,"[-10, -10, -10, -10, -10, -10, -10, -10, -10, -10]","[1, 1, 1, 1, 1, 1, 1, 1, 1, 1]",-100,-1971
"[-10, -10, -10, -10, -10, -10, -10, -10, -10, -10]","[3, 3, 3, 3, 3, 3, 3, 3, 3, 3]",-100,-1627,"[-1, -1, -1, 10]","[0, 2, 2, 4]",7,-1401,"[-1, -1, -1, -1, -1, 10]","[0, 2, 2, 1, 5, 4]",5,-1710,"[-10, -10, -10, -10, -10, -10, -10, -10, -10, -10]","[2, 2, 2, 2, 2, 2, 2, 2, 2, 2]",-100,-893,"[-10, -10, -10, -10, -10, -10, -10, -10, -10, -10]","[2, 2, 2, 2, 2, 2, 2, 2, 2, 2]",-100,-2071
"[-1, -1, -1, 10]","[0, 2, 2, 4]",7,-1620,"[-10, -10, -10, -10, -10, -10, -10, -10, -10, -10]","[3, 3, 3, 3, 3, 3, 3, 3, 3, 3]",-100,-1501,"[-1, -1, 10]","[0, 2, 4]",8,-1702,"[-1, -1, 10]","[0, 2, 4]",8,-885,"[-1, -1, -1, 10]","[0, 1, 5, 4]",7,-2064
"[-10, -10, -10, -10, -10, -10, -10, -10, -10, -10]","[3, 3, 3, 3, 3, 3, 3, 3, 3, 3]",-100,-1720,"[-1, -1, -1, 10]","[0, 2, 2, 4]",7,-1494,"[-1, -1, -1, 10]","[0, 1, 5, 4]",7,-1695,"[-1, -1, -1, -1, 10]","[0, 3, 1, 5, 4]",6,-879,"[-10, -10, -10, -10, -10, -10, -10, -10, -10, -10]","[1, 1, 1, 1, 1, 1, 1, 1, 1, 1]",-100,-2164
"[-1, -1, -1, 10]","[0, 2, 2, 4]",7,-1713,"[-1, -1, -1, 10]","[0, 2, 2, 4]",7,-1487,"[-10, -10, -10, -10, -10, -10, -10, -10, -10, -10]","[3, 3, 3, 3, 3, 3, 3, 3, 3, 3]",-100,-1795,"[-10, -10, -10, -10, -10, -10, -10, -10, -10, -10]","[3, 3, 3, 3, 3, 3, 3, 3, 3, 3]",-100,-979,"[-10, -10, -10, -10, -10, -10, -10, -10, -10, -10]","[3, 3, 3, 3, 3, 3, 3, 3, 3, 3]",-100,-2264
"[-1, -1, 10]","[0, 2, 4]",8,-1705,"[-10, -10, -10, -10, -10, -10, -10, -10, -10, -10]","[1, 1, 1, 1, 1, 1, 1, 1, 1, 1]",-100,-1587,"[-1, -1, 10]","[0, 2, 4]",8,-1787,"[-10, -10, -10, -10, -10, -10, -10, -10, -10, -10]","[3, 3, 3, 3, 3, 3, 3, 3, 3, 3]",-100,-1079,"[-10, -10, -10, -10, -10, -10, -10, -10, -10, -10]","[2, 2, 2, 2, 2, 2, 2, 2, 2, 2]",-100,-2364
"[-10, -10, -10, -10, -10, -10, -10, -10, -10, -10]","[1, 1, 1, 1, 1, 1, 1, 1, 1, 1]",-100,-1805,"[-1, -1, 10]","[0, 2, 4]",8,-1579,"[-10, -10, -10, -10, -10, -10, -10, -10, -10, -10]","[3, 3, 3, 3, 3, 3, 3, 3, 3, 3]",-100,-1887,"[-10, -10, -10, -10, -10, -10, -10, -10, -10, -10]","[3, 3, 3, 3, 3, 3, 3, 3, 3, 3]",-100,-1179,"[-10, -10, -10, -10, -10, -10, -10, -10, -10, -10]","[3, 3, 3, 3, 3, 3, 3, 3, 3, 3]",-100,-2464
"[-1, -1, -1, -1, 10]","[0, 2, 1, 5, 4]",6,-1799,"[-10, -10, -10, -10, -10, -10, -10, -10, -10, -10]","[1, 1, 1, 1, 1, 1, 1, 1, 1, 1]",-100,-1679,"[-1, -1, 10]","[0, 2, 4]",8,-1879,"[-1, -1, -1, -1, 10]","[0, 3, 1, 5, 4]",6,-1173,"[-1, -1, -1, 10]","[0, 2, 2, 4]",7,-2457
"[-10, -10, -10, -10, -10, -10, -10, -10, -10, -10]","[2, 2, 2, 2, 2, 2, 2, 2, 2, 2]",-100,-1899,"[-10, -10, -10, -10, -10, -10, -10, -10, -10, -10]","[3, 3, 3, 3, 3, 3, 3, 3, 3, 3]",-100,-1779,"[-1, -10, -10, -10, -10, -10, -10, -10, -10, -10]","[0, 5, 5, 5, 5, 5, 5, 5, 5, 5]",-91,-1970,"[-10, -10, -10, -10, -10, -10, -10, -10, -10, -10]","[2, 2, 2, 2, 2, 2, 2, 2, 2, 2]",-100,-1273,"[-10, -10, -10, -10, -10, -10, -10, -10, -10, -10]","[2, 2, 2, 2, 2, 2, 2, 2, 2, 2]",-100,-2557
"[-1, -1, -1, -1, 10]","[0, 3, 1, 5, 4]",6,-1893,"[-10, -10, -10, -10, -10, -10, -10, -10, -10, -10]","[1, 1, 1, 1, 1, 1, 1, 1, 1, 1]",-100,-1879,"[-1, -1, -1, -1, -1, 10]","[0, 2, 2, 1, 5, 4]",5,-1965,"[-10, -10, -10, -10, -10, -10, -10, -10, -10, -10]","[1, 1, 1, 1, 1, 1, 1, 1, 1, 1]",-100,-1373,"[-1, -1, 10]","[0, 2, 4]",8,-2549
"[-10, -10, -10, -10, -10, -10, -10, -10, -10, -10]","[2, 2, 2, 2, 2, 2, 2, 2, 2, 2]",-100,-1993,"[-10, -10, -10, -10, -10, -10, -10, -10, -10, -10]","[2, 2, 2, 2, 2, 2, 2, 2, 2, 2]",-100,-1979,"[-1, -1, -1, 10]","[0, 2, 2, 4]",7,-1958,"[-1, -1, -1, -1, 10]","[0, 3, 1, 5, 4]",6,-1367,"[-10, -10, -10, -10, -10, -10, -10, -10, -10, -10]","[2, 2, 2, 2, 2, 2, 2, 2, 2, 2]",-100,-2649
"[-1, -1, 10]","[0, 2, 4]",8,-1985,"[-1, -10, -10, -10, -10, -10, -10, -10, -10, -10]","[0, 5, 5, 5, 5, 5, 5, 5, 5, 5]",-91,-2070,"[-10, -10, -10, -10, -10, -10, -10, -10, -10, -10]","[3, 3, 3, 3, 3, 3, 3, 3, 3, 3]",-100,-2058,"[-10, -10, -10, -10, -10, -10, -10, -10, -10, -10]","[3, 3, 3, 3, 3, 3, 3, 3, 3, 3]",-100,-1467,"[-10, -10, -10, -10, -10, -10, -10, -10, -10, -10]","[3, 3, 3, 3, 3, 3, 3, 3, 3, 3]",-100,-2749
"[-10, -10, -10, -10, -10, -10, -10, -10, -10, -10]","[1, 1, 1, 1, 1, 1, 1, 1, 1, 1]",-100,-2085,"[-10, -10, -10, -10, -10, -10, -10, -10, -10, -10]","[1, 1, 1, 1, 1, 1, 1, 1, 1, 1]",-100,-2170,"[-1, -1, 10]","[0, 2, 4]",8,-2050,"[-1, -1, -1, 10]","[0, 2, 2, 4]",7,-1460,"[-10, -10, -10, -10, -10, -10, -10, -10, -10, -10]","[1, 1, 1, 1, 1, 1, 1, 1, 1, 1]",-100,-2849
"[-10, -10, -10, -10, -10, -10, -10, -10, -10, -10]","[3, 3, 3, 3, 3, 3, 3, 3, 3, 3]",-100,-2185,"[-1, -1, 10]","[0, 2, 4]",8,-2162,"[-1, -1, -1, 10]","[0, 2, 2, 4]",7,-2043,"[-1, -1, 10]","[0, 2, 4]",8,-1452,"[-1, -1, -1, 10]","[0, 2, 2, 4]",7,-2842
"[-10, -10, -10, -10, -10, -10, -10, -10, -10, -10]","[3, 3, 3, 3, 3, 3, 3, 3, 3, 3]",-100,-2285,"[-10, -10, -10, -10, -10, -10, -10, -10, -10, -10]","[1, 1, 1, 1, 1, 1, 1, 1, 1, 1]",-100,-2262,"[-1, -1, -1, -1, 10]","[0, 2, 1, 5, 4]",6,-2037,"[-10, -10, -10, -10, -10, -10, -10, -10, -10, -10]","[3, 3, 3, 3, 3, 3, 3, 3, 3, 3]",-100,-1552,"[-1, -1, -1, 10]","[0, 2, 2, 4]",7,-2835
"[-10, -10, -10, -10, -10, -10, -10, -10, -10, -10]","[2, 2, 2, 2, 2, 2, 2, 2, 2, 2]",-100,-2385,"[-1, -1, 10]","[0, 2, 4]",8,-2254,"[-10, -10, -10, -10, -10, -10, -10, -10, -10, -10]","[1, 1, 1, 1, 1, 1, 1, 1, 1, 1]",-100,-2137,"[-10, -10, -10, -10, -10, -10, -10, -10, -10, -10]","[2, 2, 2, 2, 2, 2, 2, 2, 2, 2]",-100,-1652,"[-1, -1, -1, -1, 10]","[0, 3, 1, 5, 4]",6,-2829
"[-10, -10, -10, -10, -10, -10, -10, -10, -10, -10]","[3, 3, 3, 3, 3, 3, 3, 3, 3, 3]",-100,-2485,"[-10, -10, -10, -10, -10, -10, -10, -10, -10, -10]","[3, 3, 3, 3, 3, 3, 3, 3, 3, 3]",-100,-2354,"[-1, -1, -1, 10]","[0, 2, 2, 4]",7,-2130,"[-1, -1, 10]","[0, 2, 4]",8,-1644,"[-1, -1, 10]","[0, 2, 4]",8,-2821
"[-1, -1, 10]","[0, 2, 4]",8,-2477,"[-1, -1, -1, -1, 10]","[0, 3, 1, 5, 4]",6,-2348,"[-1, -1, 10]","[0, 2, 4]",8,-2122,"[-1, -1, -1, -1, 10]","[0, 2, 1, 5, 4]",6,-1638,"[-1, -1, -1, -1, 10]","[0, 2, 1, 5, 4]",6,-2815
"[-1, -1, -1, 10]","[0, 2, 2, 4]",7,-2470,"[-1, -1, -1, 10]","[0, 1, 5, 4]",7,-2341,"[-10, -10, -10, -10, -10, -10, -10, -10, -10, -10]","[2, 2, 2, 2, 2, 2, 2, 2, 2, 2]",-100,-2222,"[-10, -10, -10, -10, -10, -10, -10, -10, -10, -10]","[3, 3, 3, 3, 3, 3, 3, 3, 3, 3]",-100,-1738,"[-1, -1, -1, 10]","[0, 2, 2, 4]",7,-2808
"[-1, -1, -1, -1, 10]","[0, 3, 1, 5, 4]",6,-2464,"[-1, -1, -1, -1, 10]","[0, 2, 1, 5, 4]",6,-2335,"[-10, -10, -10, -10, -10, -10, -10, -10, -10, -10]","[2, 2, 2, 2, 2, 2, 2, 2, 2, 2]",-100,-2322,"[-1, -10, -10, -10, -10, -10, -10, -10, -10, -10]","[0, 3, 3, 3, 3, 3, 3, 3, 3, 3]",-91,-1829,"[-1, -1, 10]","[0, 2, 4]",8,-2800
"[-10, -10, -10, -10, -10, -10, -10, -10, -10, -10]","[2, 2, 2, 2, 2, 2, 2, 2, 2, 2]",-100,-2564,"[-10, -10, -10, -10, -10, -10, -10, -10, -10, -10]","[2, 2, 2, 2, 2, 2, 2, 2, 2, 2]",-100,-2435,"[-10, -10, -10, -10, -10, -10, -10, -10, -10, -10]","[2, 2, 2, 2, 2, 2, 2, 2, 2, 2]",-100,-2422,"[-1, -10, -10, -10, -10, -10, -10, -10, -10, -10]","[0, 5, 5, 5, 5, 5, 5, 5, 5, 5]",-91,-1920,"[-10, -10, -10, -10, -10, -10, -10, -10, -10, -10]","[1, 1, 1, 1, 1, 1, 1, 1, 1, 1]",-100,-2900
"[-10, -10, -10, -10, -10, -10, -10, -10, -10, -10]","[3, 3, 3, 3, 3, 3, 3, 3, 3, 3]",-100,-2664,"[-1, -1, 10]","[0, 2, 4]",8,-2427,"[-1, -1, 10]","[0, 2, 4]",8,-2414,"[-10, -10, -10, -10, -10, -10, -10, -10, -10, -10]","[2, 2, 2, 2, 2, 2, 2, 2, 2, 2]",-100,-2020,"[-1, -10, -10, -10, -10, -10, -10, -10, -10, -10]","[0, 3, 3, 3, 3, 3, 3, 3, 3, 3]",-91,-2991
"[-1, -10, -10, -10, -10, -10, -10, -10, -10, -10]","[0, 5, 5, 5, 5, 5, 5, 5, 5, 5]",-91,-2755,"[-10, -10, -10, -10, -10, -10, -10, -10, -10, -10]","[2, 2, 2, 2, 2, 2, 2, 2, 2, 2]",-100,-2527,"[-1, -1, -1, 10]","[0, 2, 2, 4]",7,-2407,"[-10, -10, -10, -10, -10, -10, -10, -10, -10, -10]","[3, 3, 3, 3, 3, 3, 3, 3, 3, 3]",-100,-2120,"[-1, -1, -1, -1, 10]","[0, 3, 1, 5, 4]",6,-2985
"[-10, -10, -10, -10, -10, -10, -10, -10, -10, -10]","[2, 2, 2, 2, 2, 2, 2, 2, 2, 2]",-100,-2855,"[-1, -10, -10, -10, -10, -10, -10, -10, -10, -10]","[0, 3, 3, 3, 3, 3, 3, 3, 3, 3]",-91,-2618,"[-1, -1, -1, 10]","[0, 2, 2, 4]",7,-2400,"[-1, -1, -1, 10]","[0, 1, 5, 4]",7,-2113,"[-1, -1, -1, -1, 10]","[0, 2, 1, 5, 4]",6,-2979
"[-1, -1, -1, -1, -1, 10]","[0, 2, 2, 1, 5, 4]",5,-2850,"[-1, -1, -1, 10]","[0, 2, 2, 4]",7,-2611,"[-1, -1, -1, -1, -1, 10]","[0, 2, 2, 1, 5, 4]",5,-2395,"[-1, -1, -1, 10]","[0, 2, 2, 4]",7,-2106,"[-1, -10, -10, -10, -10, -10, -10, -10, -10, -10]","[0, 5, 5, 5, 5, 5, 5, 5, 5, 5]",-91,-3070
"[-10, -10, -10, -10, -10, -10, -10, -10, -10, -10]","[2, 2, 2, 2, 2, 2, 2, 2, 2, 2]",-100,-2950,"[-1, -1, -1, 10]","[0, 2, 2, 4]",7,-2604,"[-10, -10, -10, -10, -10, -10, -10, -10, -10, -10]","[2, 2, 2, 2, 2, 2, 2, 2, 2, 2]",-100,-2495,"[-1, -1, -1, 10]","[0, 2, 2, 4]",7,-2099,"[-1, -1, -1, 10]","[0, 2, 2, 4]",7,-3063
"[-1, -1, -1, -1, 10]","[0, 2, 1, 5, 4]",6,-2944,"[-10, -10, -10, -10, -10, -10, -10, -10, -10, -10]","[3, 3, 3, 3, 3, 3, 3, 3, 3, 3]",-100,-2704,"[-1, -1, 10]","[0, 2, 4]",8,-2487,"[-10, -10, -10, -10, -10, -10, -10, -10, -10, -10]","[2, 2, 2, 2, 2, 2, 2, 2, 2, 2]",-100,-2199,"[-1, -1, -1, -1, 10]","[0, 2, 1, 5, 4]",6,-3057
"[-10, -10, -10, -10, -10, -10, -10, -10, -10, -10]","[2, 2, 2, 2, 2, 2, 2, 2, 2, 2]",-100,-3044,"[-10, -10, -10, -10, -10, -10, -10, -10, -10, -10]","[2, 2, 2, 2, 2, 2, 2, 2, 2, 2]",-100,-2804,"[-1, -1, -1, -1, 10]","[0, 2, 1, 5, 4]",6,-2481,"[-1, -1, -1, 10]","[0, 2, 2, 4]",7,-2192,"[-10, -10, -10, -10, -10, -10, -10, -10, -10, -10]","[2, 2, 2, 2, 2, 2, 2, 2, 2, 2]",-100,-3157
"[-10, -10, -10, -10, -10, -10, -10, -10, -10, -10]","[3, 3, 3, 3, 3, 3, 3, 3, 3, 3]",-100,-3144,"[-1, -1, -1, -1, -1, 10]","[0, 2, 2, 1, 5, 4]",5,-2799,"[-1, -1, -1, -1, 10]","[0, 2, 1, 5, 4]",6,-2475,"[-10, -10, -10, -10, -10, -10, -10, -10, -10, -10]","[1, 1, 1, 1, 1, 1, 1, 1, 1, 1]",-100,-2292,"[-1, -1, -1, 10]","[0, 2, 2, 4]",7,-3150
"[-10, -10, -10, -10, -10, -10, -10, -10, -10, -10]","[3, 3, 3, 3, 3, 3, 3, 3, 3, 3]",-100,-3244,"[-10, -10, -10, -10, -10, -10, -10, -10, -10, -10]","[2, 2, 2, 2, 2, 2, 2, 2, 2, 2]",-100,-2899,"[-1, -10, -10, -10, -10, -10, -10, -10, -10, -10]","[0, 3, 3, 3, 3, 3, 3, 3, 3, 3]",-91,-2566,"[-10, -10, -10, -10, -10, -10, -10, -10, -10, -10]","[2, 2, 2, 2, 2, 2, 2, 2, 2, 2]",-100,-2392,"[-10, -10, -10, -10, -10, -10, -10, -10, -10, -10]","[2, 2, 2, 2, 2, 2, 2, 2, 2, 2]",-100,-3250
"[-1, -1, 10]","[0, 2, 4]",8,-3236,"[-1, -1, -1, -1, -1, 10]","[0, 2, 2, 1, 5, 4]",5,-2894,"[-1, -1, 10]","[0, 2, 4]",8,-2558,"[-10, -10, -10, -10, -10, -10, -10, -10, -10, -10]","[2, 2, 2, 2, 2, 2, 2, 2, 2, 2]",-100,-2492,"[-1, -1, 10]","[0, 2, 4]",8,-3242
"[-10, -10, -10, -10, -10, -10, -10, -10, -10, -10]","[2, 2, 2, 2, 2, 2, 2, 2, 2, 2]",-100,-3336,"[-1, -1, -1, 10]","[0, 2, 2, 4]",7,-2887,"[-1, -1, 10]","[0, 2, 4]",8,-2550,"[-1, -1, 10]","[0, 2, 4]",8,-2484,"[-10, -10, -10, -10, -10, -10, -10, -10, -10, -10]","[1, 1, 1, 1, 1, 1, 1, 1, 1, 1]",-100,-3342
"[-10, -10, -10, -10, -10, -10, -10, -10, -10, -10]","[1, 1, 1, 1, 1, 1, 1, 1, 1, 1]",-100,-3436,"[-1, -1, 10]","[0, 2, 4]",8,-2879,"[-10, -10, -10, -10, -10, -10, -10, -10, -10, -10]","[2, 2, 2, 2, 2, 2, 2, 2, 2, 2]",-100,-2650,"[-1, -1, -1, 10]","[0, 2, 2, 4]",7,-2477,"[-1, -1, -1, -1, 10]","[0, 3, 1, 5, 4]",6,-3336
"[-10, -10, -10, -10, -10, -10, -10, -10, -10, -10]","[2, 2, 2, 2, 2, 2, 2, 2, 2, 2]",-100,-3536,"[-1, -1, -1, -1, 10]","[0, 2, 1, 5, 4]",6,-2873,"[-1, -1, -1, -1, 10]","[0, 3, 1, 5, 4]",6,-2644,"[-1, -1, -1, 10]","[0, 2, 2, 4]",7,-2470,"[-1, -1, -1, 10]","[0, 1, 5, 4]",7,-3329
"[-10, -10, -10, -10, -10, -10, -10, -10, -10, -10]","[3, 3, 3, 3, 3, 3, 3, 3, 3, 3]",-100,-3636,"[-1, -1, 10]","[0, 2, 4]",8,-2865,"[-10, -10, -10, -10, -10, -10, -10, -10, -10, -10]","[1, 1, 1, 1, 1, 1, 1, 1, 1, 1]",-100,-2744,"[-10, -10, -10, -10, -10, -10, -10, -10, -10, -10]","[1, 1, 1, 1, 1, 1, 1, 1, 1, 1]",-100,-2570,"[-1, -1, 10]","[0, 2, 4]",8,-3321
"[-10, -10, -10, -10, -10, -10, -10, -10, -10, -10]","[3, 3, 3, 3, 3, 3, 3, 3, 3, 3]",-100,-3736,"[-10, -10, -10, -10, -10, -10, -10, -10, -10, -10]","[1, 1, 1, 1, 1, 1, 1, 1, 1, 1]",-100,-2965,"[-10, -10, -10, -10, -10, -10, -10, -10, -10, -10]","[1, 1, 1, 1, 1, 1, 1, 1, 1, 1]",-100,-2844,"[-1, -1, -1, -1, 10]","[0, 2, 1, 5, 4]",6,-2564,"[-1, -1, -1, 10]","[0, 2, 2, 4]",7,-3314
"[-1, -1, -1, -1, 10]","[0, 2, 1, 5, 4]",6,-3730,"[-1, -1, -1, -1, 10]","[0, 2, 1, 5, 4]",6,-2959,"[-1, -1, -1, 10]","[0, 2, 2, 4]",7,-2837,"[-10, -10, -10, -10, -10, -10, -10, -10, -10, -10]","[2, 2, 2, 2, 2, 2, 2, 2, 2, 2]",-100,-2664,"[-10, -10, -10, -10, -10, -10, -10, -10, -10, -10]","[3, 3, 3, 3, 3, 3, 3, 3, 3, 3]",-100,-3414
"[-10, -10, -10, -10, -10, -10, -10, -10, -10, -10]","[3, 3, 3, 3, 3, 3, 3, 3, 3, 3]",-100,-3830,"[-1, -1, 10]","[0, 2, 4]",8,-2951,"[-10, -10, -10, -10, -10, -10, -10, -10, -10, -10]","[2, 2, 2, 2, 2, 2, 2, 2, 2, 2]",-100,-2937,"[-10, -10, -10, -10, -10, -10, -10, -10, -10, -10]","[3, 3, 3, 3, 3, 3, 3, 3, 3, 3]",-100,-2764,"[-10, -10, -10, -10, -10, -10, -10, -10, -10, -10]","[3, 3, 3, 3, 3, 3, 3, 3, 3, 3]",-100,-3514
"[-10, -10, -10, -10, -10, -10, -10, -10, -10, -10]","[2, 2, 2, 2, 2, 2, 2, 2, 2, 2]",-100,-3930,"[-1, -10, -10, -10, -10, -10, -10, -10, -10, -10]","[0, 3, 3, 3, 3, 3, 3, 3, 3, 3]",-91,-3042,"[-1, -1, -1, -1, -1, 10]","[0, 2, 2, 1, 5, 4]",5,-2932,"[-10, -10, -10, -10, -10, -10, -10, -10, -10, -10]","[2, 2, 2, 2, 2, 2, 2, 2, 2, 2]",-100,-2864,"[-1, -1, -1, -1, 10]","[0, 2, 1, 5, 4]",6,-3508
"[-1, -1, -1, 10]","[0, 2, 2, 4]",7,-3923,"[-1, -1, -1, -1, 10]","[0, 2, 1, 5, 4]",6,-3036,"[-10, -10, -10, -10, -10, -10, -10, -10, -10, -10]","[3, 3, 3, 3, 3, 3, 3, 3, 3, 3]",-100,-3032,"[-10, -10, -10, -10, -10, -10, -10, -10, -10, -10]","[2, 2, 2, 2, 2, 2, 2, 2, 2, 2]",-100,-2964,"[-1, -1, 10]","[0, 2, 4]",8,-3500
"[-1, -1, 10]","[0, 2, 4]",8,-3915,"[-1, -1, -1, -1, 10]","[0, 2, 1, 5, 4]",6,-3030,"[-1, -1, 10]","[0, 2, 4]",8,-3024,"[-1, -1, -1, -1, 10]","[0, 2, 1, 5, 4]",6,-2958,"[-1, -1, -1, 10]","[0, 2, 2, 4]",7,-3493
"[-10, -10, -10, -10, -10, -10, -10, -10, -10, -10]","[1, 1, 1, 1, 1, 1, 1, 1, 1, 1]",-100,-4015,"[-1, -1, -1, -1, 10]","[0, 3, 1, 5, 4]",6,-3024,"[-10, -10, -10, -10, -10, -10, -10, -10, -10, -10]","[3, 3, 3, 3, 3, 3, 3, 3, 3, 3]",-100,-3124,"[-10, -10, -10, -10, -10, -10, -10, -10, -10, -10]","[3, 3, 3, 3, 3, 3, 3, 3, 3, 3]",-100,-3058,"[-1, -1, -1, -1, 10]","[0, 3, 1, 5, 4]",6,-3487
"[-1, -1, -1, -1, -1, 10]","[0, 2, 2, 1, 5, 4]",5,-4010,"[-10, -10, -10, -10, -10, -10, -10, -10, -10, -10]","[2, 2, 2, 2, 2, 2, 2, 2, 2, 2]",-100,-3124,"[-10, -10, -10, -10, -10, -10, -10, -10, -10, -10]","[1, 1, 1, 1, 1, 1, 1, 1, 1, 1]",-100,-3224,"[-10, -10, -10, -10, -10, -10, -10, -10, -10, -10]","[3, 3, 3, 3, 3, 3, 3, 3, 3, 3]",-100,-3158,"[-1, -1, 10]","[0, 2, 4]",8,-3479
"[-1, -1, -1, 10]","[0, 2, 2, 4]",7,-4003,"[-10, -10, -10, -10, -10, -10, -10, -10, -10, -10]","[3, 3, 3, 3, 3, 3, 3, 3, 3, 3]",-100,-3224,"[-10, -10, -10, -10, -10, -10, -10, -10, -10, -10]","[2, 2, 2, 2, 2, 2, 2, 2, 2, 2]",-100,-3324,"[-1, -1, 10]","[0, 2, 4]",8,-3150,"[-1, -1, 10]","[0, 2, 4]",8,-3471
"[-1, -1, -1, -1, 10]","[0, 2, 1, 5, 4]",6,-3997,"[-1, -10, -10, -10, -10, -10, -10, -10, -10, -10]","[0, 5, 5, 5, 5, 5, 5, 5, 5, 5]",-91,-3315,"[-10, -10, -10, -10, -10, -10, -10, -10, -10, -10]","[2, 2, 2, 2, 2, 2, 2, 2, 2, 2]",-100,-3424,"[-1, -1, -1, -1, 10]","[0, 3, 1, 5, 4]",6,-3144,"[-10, -10, -10, -10, -10, -10, -10, -10, -10, -10]","[1, 1, 1, 1, 1, 1, 1, 1, 1, 1]",-100,-3571
"[-1, -1, 10]","[0, 2, 4]",8,-3989,"[-1, -1, 10]","[0, 2, 4]",8,-3307,"[-1, -1, -1, 10]","[0, 2, 2, 4]",7,-3417,"[-10, -10, -10, -10, -10, -10, -10, -10, -10, -10]","[2, 2, 2, 2, 2, 2, 2, 2, 2, 2]",-100,-3244,"[-1, -1, -1, 10]","[0, 2, 2, 4]",7,-3564
"[-10, -10, -10, -10, -10, -10, -10, -10, -10, -10]","[1, 1, 1, 1, 1, 1, 1, 1, 1, 1]",-100,-4089,"[-1, -1, -1, 10]","[0, 2, 2, 4]",7,-3300,"[-10, -10, -10, -10, -10, -10, -10, -10, -10, -10]","[1, 1, 1, 1, 1, 1, 1, 1, 1, 1]",-100,-3517,"[-10, -10, -10, -10, -10, -10, -10, -10, -10, -10]","[3, 3, 3, 3, 3, 3, 3, 3, 3, 3]",-100,-3344,"[-10, -10, -10, -10, -10, -10, -10, -10, -10, -10]","[2, 2, 2, 2, 2, 2, 2, 2, 2, 2]",-100,-3664
"[-1, -10, -10, -10, -10, -10, -10, -10, -10, -10]","[0, 5, 5, 5, 5, 5, 5, 5, 5, 5]",-91,-4180,"[-10, -10, -10, -10, -10, -10, -10, -10, -10, -10]","[3, 3, 3, 3, 3, 3, 3, 3, 3, 3]",-100,-3400,"[-1, -1, -1, -1, 10]","[0, 2, 1, 5, 4]",6,-3511,"[-1, -1, -1, 10]","[0, 2, 2, 4]",7,-3337,"[-1, -10, -10, -10, -10, -10, -10, -10, -10, -10]","[0, 5, 5, 5, 5, 5, 5, 5, 5, 5]",-91,-3755
"[-1, -1, 10]","[0, 2, 4]",8,-4172,"[-1, -10, -10, -10, -10, -10, -10, -10, -10, -10]","[0, 5, 5, 5, 5, 5, 5, 5, 5, 5]",-91,-3491,"[-10, -10, -10, -10, -10, -10, -10, -10, -10, -10]","[3, 3, 3, 3, 3, 3, 3, 3, 3, 3]",-100,-3611,"[-1, -1, -1, -1, 10]","[0, 2, 1, 5, 4]",6,-3331,"[-1, -1, 10]","[0, 2, 4]",8,-3747
"[-10, -10, -10, -10, -10, -10, -10, -10, -10, -10]","[3, 3, 3, 3, 3, 3, 3, 3, 3, 3]",-100,-4272,"[-1, -1, -1, 10]","[0, 1, 5, 4]",7,-3484,"[-1, -1, -1, 10]","[0, 2, 2, 4]",7,-3604,"[-10, -10, -10, -10, -10, -10, -10, -10, -10, -10]","[1, 1, 1, 1, 1, 1, 1, 1, 1, 1]",-100,-3431,"[-10, -10, -10, -10, -10, -10, -10, -10, -10, -10]","[3, 3, 3, 3, 3, 3, 3, 3, 3, 3]",-100,-3847
"[-10, -10, -10, -10, -10, -10, -10, -10, -10, -10]","[3, 3, 3, 3, 3, 3, 3, 3, 3, 3]",-100,-4372,"[-1, -1, -1, 10]","[0, 2, 2, 4]",7,-3477,"[-10, -10, -10, -10, -10, -10, -10, -10, -10, -10]","[1, 1, 1, 1, 1, 1, 1, 1, 1, 1]",-100,-3704,"[-10, -10, -10, -10, -10, -10, -10, -10, -10, -10]","[2, 2, 2, 2, 2, 2, 2, 2, 2, 2]",-100,-3531,"[-10, -10, -10, -10, -10, -10, -10, -10, -10, -10]","[3, 3, 3, 3, 3, 3, 3, 3, 3, 3]",-100,-3947
"[-10, -10, -10, -10, -10, -10, -10, -10, -10, -10]","[1, 1, 1, 1, 1, 1, 1, 1, 1, 1]",-100,-4472,"[-1, -1, -1, -1, 10]","[0, 2, 1, 5, 4]",6,-3471,"[-10, -10, -10, -10, -10, -10, -10, -10, -10, -10]","[2, 2, 2, 2, 2, 2, 2, 2, 2, 2]",-100,-3804,"[-1, -1, -1, -1, 10]","[0, 2, 1, 5, 4]",6,-3525,"[-1, -1, -1, 10]","[0, 2, 2, 4]",7,-3940
"[-1, -10, -10, -10, -10, -10, -10, -10, -10, -10]","[0, 5, 5, 5, 5, 5, 5, 5, 5, 5]",-91,-4563,"[-1, -1, -1, 10]","[0, 1, 5, 4]",7,-3464,"[-10, -10, -10, -10, -10, -10, -10, -10, -10, -10]","[3, 3, 3, 3, 3, 3, 3, 3, 3, 3]",-100,-3904,"[-1, -1, -1, -1, 10]","[0, 3, 1, 5, 4]",6,-3519,"[-1, -1, 10]","[0, 2, 4]",8,-3932
"[-10, -10, -10, -10, -10, -10, -10, -10, -10, -10]","[3, 3, 3, 3, 3, 3, 3, 3, 3, 3]",-100,-4663,"[-10, -10, -10, -10, -10, -10, -10, -10, -10, -10]","[2, 2, 2, 2, 2, 2, 2, 2, 2, 2]",-100,-3564,"[-10, -10, -10, -10, -10, -10, -10, -10, -10, -10]","[1, 1, 1, 1, 1, 1, 1, 1, 1, 1]",-100,-4004,"[-1, -1, -1, 10]","[0, 2, 2, 4]",7,-3512,"[-1, -1, -1, 10]","[0, 2, 2, 4]",7,-3925
"[-10, -10, -10, -10, -10, -10, -10, -10, -10, -10]","[3, 3, 3, 3, 3, 3, 3, 3, 3, 3]",-100,-4763,"[-1, -1, -1, -1, 10]","[0, 2, 1, 5, 4]",6,-3558,"[-1, -1, 10]","[0, 2, 4]",8,-3996,"[-10, -10, -10, -10, -10, -10, -10, -10, -10, -10]","[1, 1, 1, 1, 1, 1, 1, 1, 1, 1]",-100,-3612,"[-1, -1, -1, 10]","[0, 2, 2, 4]",7,-3918
"[-1, -1, -1, -1, -1, 10]","[0, 2, 2, 1, 5, 4]",5,-4758,"[-1, -1, -1, 10]","[0, 2, 2, 4]",7,-3551,"[-1, -1, -1, 10]","[0, 2, 2, 4]",7,-3989,"[-10, -10, -10, -10, -10, -10, -10, -10, -10, -10]","[2, 2, 2, 2, 2, 2, 2, 2, 2, 2]",-100,-3712,"[-1, -1, -1, 10]","[0, 2, 2, 4]",7,-3911
"[-10, -10, -10, -10, -10, -10, -10, -10, -10, -10]","[2, 2, 2, 2, 2, 2, 2, 2, 2, 2]",-100,-4858,"[-1, -10, -10, -10, -10, -10, -10, -10, -10, -10]","[0, 5, 5, 5, 5, 5, 5, 5, 5, 5]",-91,-3642,"[-10, -10, -10, -10, -10, -10, -10, -10, -10, -10]","[1, 1, 1, 1, 1, 1, 1, 1, 1, 1]",-100,-4089,"[-10, -10, -10, -10, -10, -10, -10, -10, -10, -10]","[3, 3, 3, 3, 3, 3, 3, 3, 3, 3]",-100,-3812,"[-1, -1, -1, -1, 10]","[0, 3, 1, 5, 4]",6,-3905
"[-10, -10, -10, -10, -10, -10, -10, -10, -10, -10]","[3, 3, 3, 3, 3, 3, 3, 3, 3, 3]",-100,-4958,"[-10, -10, -10, -10, -10, -10, -10, -10, -10, -10]","[3, 3, 3, 3, 3, 3, 3, 3, 3, 3]",-100,-3742,"[-1, -1, -1, -1, -1, 10]","[0, 2, 2, 1, 5, 4]",5,-4084,"[-1, -10, -10, -10, -10, -10, -10, -10, -10, -10]","[0, 3, 3, 3, 3, 3, 3, 3, 3, 3]",-91,-3903,"[-10, -10, -10, -10, -10, -10, -10, -10, -10, -10]","[1, 1, 1, 1, 1, 1, 1, 1, 1, 1]",-100,-4005
"[-10, -10, -10, -10, -10, -10, -10, -10, -10, -10]","[1, 1, 1, 1, 1, 1, 1, 1, 1, 1]",-100,-5058,"[-1, -1, -1, -1, 10]","[0, 2, 1, 5, 4]",6,-3736,"[-10, -10, -10, -10, -10, -10, -10, -10, -10, -10]","[1, 1, 1, 1, 1, 1, 1, 1, 1, 1]",-100,-4184,"[-10, -10, -10, -10, -10, -10, -10, -10, -10, -10]","[3, 3, 3, 3, 3, 3, 3, 3, 3, 3]",-100,-4003,"[-1, -1, 10]","[0, 2, 4]",8,-3997
"[-10, -10, -10, -10, -10, -10, -10, -10, -10, -10]","[1, 1, 1, 1, 1, 1, 1, 1, 1, 1]",-100,-5158,"[-1, -1, 10]","[0, 2, 4]",8,-3728,"[-1, -1, -1, 10]","[0, 2, 2, 4]",7,-4177,"[-10, -10, -10, -10, -10, -10, -10, -10, -10, -10]","[2, 2, 2, 2, 2, 2, 2, 2, 2, 2]",-100,-4103,"[-10, -10, -10, -10, -10, -10, -10, -10, -10, -10]","[3, 3, 3, 3, 3, 3, 3, 3, 3, 3]",-100,-4097
"[-1, -1, -1, 10]","[0, 2, 2, 4]",7,-5151,"[-10, -10, -10, -10, -10, -10, -10, -10, -10, -10]","[3, 3, 3, 3, 3, 3, 3, 3, 3, 3]",-100,-3828,"[-1, -10, -10, -10, -10, -10, -10, -10, -10, -10]","[0, 5, 5, 5, 5, 5, 5, 5, 5, 5]",-91,-4268,"[-1, -1, -1, 10]","[0, 2, 2, 4]",7,-4096,"[-1, -1, -1, -1, 10]","[0, 3, 1, 5, 4]",6,-4091
"[-1, -1, -1, 10]","[0, 1, 5, 4]",7,-5144,"[-1, -1, -1, -1, 10]","[0, 2, 1, 5, 4]",6,-3822,"[-10, -10, -10, -10, -10, -10, -10, -10, -10, -10]","[2, 2, 2, 2, 2, 2, 2, 2, 2, 2]",-100,-4368,"[-1, -1, -1, 10]","[0, 2, 2, 4]",7,-4089,"[-1, -1, -1, 10]","[0, 2, 2, 4]",7,-4084
