0,1,2,3,4,5,6,7,8,9,10,11,12,13,14,15,16,17,18,19
"[-1, -1, -1, -1, 10]","[0, 2, 1, 5, 4]",6,6,"[-1, -10, -10, -10, -10, -10, -10, -10, -10, -10]","[0, 0, 0, 0, 0, 0, 0, 0, 0, 0]",-91,-91,"[-1, -1, -1, -1, 10]","[0, 2, 1, 5, 4]",6,6,"[-1, -10, -10, -10, -10, -10, -10, -10, -10, -10]","[0, 0, 0, 0, 0, 0, 0, 0, 0, 0]",-91,-91,"[-1, -1, 10]","[0, 2, 4]",8,8
"[-10, -10, -10, -10, -10, -10, -10, -10, -10, -10]","[3, 3, 3, 3, 3, 3, 3, 3, 3, 3]",-100,-94,"[-1, -1, 10]","[0, 2, 4]",8,-83,"[-10, -10, -10, -10, -10, -10, -10, -10, -10, -10]","[3, 3, 3, 3, 3, 3, 3, 3, 3, 3]",-100,-94,"[-1, -10, -10, -10, -10, -10, -10, -10, -10, -10]","[0, 3, 3, 3, 3, 1, 1, 1, 3, 3]",-91,-182,"[-1, -10, -10, -10, -10, -10, -10, -10, -10, -10]","[0, 0, 0, 0, 0, 0, 0, 0, 0, 0]",-91,-83
"[-1, -1, -1, -1, -1, 10]","[0, 2, 2, 1, 5, 4]",5,-89,"[-10, -10, -10, -10, -10, -10, -10, -10, -10, -10]","[3, 3, 3, 3, 3, 3, 3, 3, 3, 3]",-100,-183,"[-1, -10, -10, -10, -10, -10, -10, -10, -10, -10]","[0, 0, 0, 0, 0, 0, 0, 0, 0, 0]",-91,-185,"[-1, -1, -1, 10]","[0, 2, 2, 4]",7,-175,"[-10, -10, -10, -10, -10, -10, -10, -10, -10, -10]","[3, 3, 3, 3, 3, 3, 3, 3, 3, 3]",-100,-183
"[-1, -1, 10]","[0, 2, 4]",8,-81,"[-1, -10, -10, -10, -10, -10, -10, -10, -10, -10]","[0, 1, 1, 1, 1, 1, 1, 1, 1, 1]",-91,-274,"[-1, -10, -10, -10, -10, -10, -10, -10, -10, -10]","[0, 0, 0, 0, 0, 0, 0, 0, 0, 0]",-91,-276,"[-1, -10, -10, -10, -10, -10, -10, -10, -10, -10]","[0, 0, 0, 0, 0, 0, 0, 0, 0, 0]",-91,-266,"[-1, -1, 10]","[0, 2, 4]",8,-175
"[-1, -1, 10]","[0, 2, 4]",8,-73,"[-1, -1, -1, 10]","[0, 1, 5, 4]",7,-267,"[-1, -1, 10]","[0, 2, 4]",8,-268,"[-1, -1, 10]","[0, 2, 4]",8,-258,"[-10, -10, -10, -10, -10, -10, -10, -10, -10, -10]","[3, 3, 3, 3, 3, 3, 3, 3, 3, 3]",-100,-275
"[-10, -10, -10, -10, -10, -10, -10, -10, -10, -10]","[3, 3, 3, 3, 3, 3, 3, 3, 3, 3]",-100,-173,"[-1, -1, -1, -1, -1, 10]","[0, 2, 2, 1, 5, 4]",5,-262,"[-10, -10, -10, -10, -10, -10, -10, -10, -10, -10]","[3, 3, 3, 3, 3, 3, 3, 3, 3, 3]",-100,-368,"[-1, -1, -1, -1, 10]","[0, 2, 1, 5, 4]",6,-252,"[-10, -10, -10, -10, -10, -10, -10, -10, -10, -10]","[3, 3, 3, 3, 3, 3, 3, 3, 3, 3]",-100,-375
"[-1, -1, 10]","[0, 2, 4]",8,-165,"[-1, -1, -1, -1, 10]","[0, 2, 1, 5, 4]",6,-256,"[-1, -1, 10]","[0, 2, 4]",8,-360,"[-1, -1, -1, 10]","[0, 1, 5, 4]",7,-245,"[-1, -1, -1, -1, -1, 10]","[0, 2, 2, 1, 5, 4]",5,-370
"[-1, -10, -10, -10, -10, -10, -10, -10, -10, -10]","[0, 0, 0, 0, 0, 0, 0, 0, 0, 0]",-91,-256,"[-1, -1, -1, -1, 10]","[0, 2, 1, 5, 4]",6,-250,"[-10, -10, -10, -10, -10, -10, -10, -10, -10, -10]","[3, 3, 3, 3, 3, 3, 3, 3, 3, 3]",-100,-460,"[-1, -10, -10, -10, -10, -10, -10, -10, -10, -10]","[0, 1, 3, 1, 1, 3, 3, 1, 1, 1]",-91,-336,"[-1, -10, -10, -10, -10, -10, -10, -10, -10, -10]","[0, 0, 0, 0, 0, 0, 0, 0, 0, 0]",-91,-461
"[-10, -10, -10, -10, -10, -10, -10, -10, -10, -10]","[3, 3, 3, 3, 3, 3, 3, 3, 3, 3]",-100,-356,"[-10, -10, -10, -10, -10, -10, -10, -10, -10, -10]","[3, 3, 3, 3, 3, 3, 3, 3, 3, 3]",-100,-350,"[-10, -10, -10, -10, -10, -10, -10, -10, -10, -10]","[3, 3, 3, 3, 3, 3, 3, 3, 3, 3]",-100,-560,"[-1, -1, -1, 10]","[0, 2, 2, 4]",7,-329,"[-1, -1, -1, -1, -1, 10]","[0, 2, 2, 1, 5, 4]",5,-456
"[-1, -1, 10]","[0, 2, 4]",8,-348,"[-10, -10, -10, -10, -10, -10, -10, -10, -10, -10]","[3, 3, 3, 3, 3, 3, 3, 3, 3, 3]",-100,-450,"[-1, -10, -10, -10, -10, -10, -10, -10, -10, -10]","[0, 0, 0, 0, 0, 0, 0, 0, 0, 0]",-91,-651,"[-1, -1, -1, 10]","[0, 1, 5, 4]",7,-322,"[-1, -1, -1, -1, 10]","[0, 2, 1, 5, 4]",6,-450
"[-1, -10, -10, -10, -10, -10, -10, -10, -10, -10]","[0, 0, 0, 0, 0, 0, 0, 0, 0, 0]",-91,-439,"[-1, -10, -10, -10, -10, -10, -10, -10, -10, -10]","[0, 0, 0, 0, 0, 0, 0, 0, 0, 0]",-91,-541,"[-1, -1, -1, 10]","[0, 2, 2, 4]",7,-644,"[-10, -10, -10, -10, -10, -10, -10, -10, -10, -10]","[3, 3, 3, 3, 3, 3, 3, 3, 3, 3]",-100,-422,"[-10, -10, -10, -10, -10, -10, -10, -10, -10, -10]","[3, 3, 3, 3, 3, 3, 3, 3, 3, 3]",-100,-550
"[-1, -1, -1, 10]","[0, 2, 2, 4]",7,-432,"[-1, -1, -1, -1, 10]","[0, 2, 1, 5, 4]",6,-535,"[-1, -1, -1, 10]","[0, 2, 2, 4]",7,-637,"[-1, -1, -1, -1, 10]","[0, 2, 1, 5, 4]",6,-416,"[-10, -10, -10, -10, -10, -10, -10, -10, -10, -10]","[3, 3, 3, 3, 3, 3, 3, 3, 3, 3]",-100,-650
"[-1, -1, -1, 10]","[0, 2, 2, 4]",7,-425,"[-1, -1, 10]","[0, 2, 4]",8,-527,"[-1, -1, -1, -1, -1, 10]","[0, 2, 2, 1, 5, 4]",5,-632,"[-1, -1, -1, -1, 10]","[0, 2, 1, 5, 4]",6,-410,"[-1, -1, 10]","[0, 2, 4]",8,-642
"[-1, -1, 10]","[0, 2, 4]",8,-417,"[-1, -10, -10, -10, -10, -10, -10, -10, -10, -10]","[0, 0, 0, 0, 0, 0, 0, 0, 0, 0]",-91,-618,"[-1, -10, -10, -10, -10, -10, -10, -10, -10, -10]","[0, 0, 0, 0, 0, 0, 0, 0, 0, 0]",-91,-723,"[-1, -1, 10]","[0, 2, 4]",8,-402,"[-1, -10, -10, -10, -10, -10, -10, -10, -10, -10]","[0, 0, 0, 0, 0, 0, 0, 0, 0, 0]",-91,-733
"[-1, -1, -1, 10]","[0, 2, 2, 4]",7,-410,"[-10, -10, -10, -10, -10, -10, -10, -10, -10, -10]","[3, 3, 3, 3, 3, 3, 3, 3, 3, 3]",-100,-718,"[-10, -10, -10, -10, -10, -10, -10, -10, -10, -10]","[3, 3, 3, 3, 3, 3, 3, 3, 3, 3]",-100,-823,"[-1, -1, -1, 10]","[0, 2, 2, 4]",7,-395,"[-1, -1, -1, 10]","[0, 2, 2, 4]",7,-726
"[-10, -10, -10, -10, -10, -10, -10, -10, -10, -10]","[3, 3, 3, 3, 3, 3, 3, 3, 3, 3]",-100,-510,"[-1, -1, 10]","[0, 2, 4]",8,-710,"[-1, -1, -1, 10]","[0, 2, 2, 4]",7,-816,"[-1, -1, 10]","[0, 2, 4]",8,-387,"[-1, -10, -10, -10, -10, -10, -10, -10, -10, -10]","[0, 3, 1, 1, 1, 1, 1, 3, 1, 3]",-91,-817
"[-1, -1, -1, 10]","[0, 1, 5, 4]",7,-503,"[-1, -10, -10, -10, -10, -10, -10, -10, -10, -10]","[0, 0, 0, 0, 0, 0, 0, 0, 0, 0]",-91,-801,"[-1, -1, -1, -1, -1, 10]","[0, 2, 2, 1, 5, 4]",5,-811,"[-1, -1, -1, -1, -1, 10]","[0, 2, 2, 1, 5, 4]",5,-382,"[-1, -1, 10]","[0, 2, 4]",8,-809
"[-1, -1, -1, 10]","[0, 1, 5, 4]",7,-496,"[-1, -10, -10, -10, -10, -10, -10, -10, -10, -10]","[0, 1, 1, 1, 1, 1, 1, 1, 1, 1]",-91,-892,"[-1, -1, -1, -1, -1, 10]","[0, 2, 2, 1, 5, 4]",5,-806,"[-1, -1, -1, 10]","[0, 1, 5, 4]",7,-375,"[-1, -1, 10]","[0, 2, 4]",8,-801
"[-1, -1, -1, -1, -1, 10]","[0, 2, 2, 1, 5, 4]",5,-491,"[-1, -1, -1, -1, 10]","[0, 2, 1, 5, 4]",6,-886,"[-1, -1, 10]","[0, 2, 4]",8,-798,"[-10, -10, -10, -10, -10, -10, -10, -10, -10, -10]","[3, 3, 3, 3, 3, 3, 3, 3, 3, 3]",-100,-475,"[-10, -10, -10, -10, -10, -10, -10, -10, -10, -10]","[3, 3, 3, 3, 3, 3, 3, 3, 3, 3]",-100,-901
"[-1, -10, -10, -10, -10, -10, -10, -10, -10, -10]","[0, 3, 1, 3, 1, 1, 1, 3, 1, 1]",-91,-582,"[-1, -1, -1, -1, 10]","[0, 2, 1, 5, 4]",6,-880,"[-1, -1, -1, 10]","[0, 1, 5, 4]",7,-791,"[-10, -10, -10, -10, -10, -10, -10, -10, -10, -10]","[3, 3, 3, 3, 3, 3, 3, 3, 3, 3]",-100,-575,"[-1, -1, 10]","[0, 2, 4]",8,-893
"[-1, -10, -10, -10, -10, -10, -10, -10, -10, -10]","[0, 1, 1, 1, 1, 1, 1, 1, 1, 1]",-91,-673,"[-1, -1, 10]","[0, 2, 4]",8,-872,"[-1, -1, -1, 10]","[0, 2, 2, 4]",7,-784,"[-1, -10, -10, -10, -10, -10, -10, -10, -10, -10]","[0, 1, 1, 1, 1, 1, 1, 1, 1, 1]",-91,-666,"[-1, -1, -1, 10]","[0, 1, 5, 4]",7,-886
"[-1, -1, -1, -1, -1, 10]","[0, 2, 2, 1, 5, 4]",5,-668,"[-10, -10, -10, -10, -10, -10, -10, -10, -10, -10]","[3, 3, 3, 3, 3, 3, 3, 3, 3, 3]",-100,-972,"[-1, -1, 10]","[0, 2, 4]",8,-776,"[-1, -1, 10]","[0, 2, 4]",8,-658,"[-10, -10, -10, -10, -10, -10, -10, -10, -10, -10]","[3, 3, 3, 3, 3, 3, 3, 3, 3, 3]",-100,-986
"[-10, -10, -10, -10, -10, -10, -10, -10, -10, -10]","[3, 3, 3, 3, 3, 3, 3, 3, 3, 3]",-100,-768,"[-1, -1, 10]","[0, 2, 4]",8,-964,"[-1, -1, -1, -1, 10]","[0, 2, 1, 5, 4]",6,-770,"[-10, -10, -10, -10, -10, -10, -10, -10, -10, -10]","[3, 3, 3, 3, 3, 3, 3, 3, 3, 3]",-100,-758,"[-1, -1, 10]","[0, 2, 4]",8,-978
"[-1, -1, -1, 10]","[0, 2, 2, 4]",7,-761,"[-1, -1, -1, -1, -1, 10]","[0, 2, 2, 1, 5, 4]",5,-959,"[-10, -10, -10, -10, -10, -10, -10, -10, -10, -10]","[3, 3, 3, 3, 3, 3, 3, 3, 3, 3]",-100,-870,"[-1, -10, -10, -10, -10, -10, -10, -10, -10, -10]","[0, 0, 0, 0, 0, 0, 0, 0, 0, 0]",-91,-849,"[-1, -1, -1, 10]","[0, 2, 2, 4]",7,-971
"[-1, -10, -10, -10, -10, -10, -10, -10, -10, -10]","[0, 1, 1, 1, 1, 1, 1, 1, 1, 1]",-91,-852,"[-1, -10, -10, -10, -10, -10, -10, -10, -10, -10]","[0, 0, 0, 0, 0, 0, 0, 0, 0, 0]",-91,-1050,"[-1, -1, -1, -1, -1, 10]","[0, 2, 2, 1, 5, 4]",5,-865,"[-10, -10, -10, -10, -10, -10, -10, -10, -10, -10]","[3, 3, 3, 3, 3, 3, 3, 3, 3, 3]",-100,-949,"[-10, -10, -10, -10, -10, -10, -10, -10, -10, -10]","[3, 3, 3, 3, 3, 3, 3, 3, 3, 3]",-100,-1071
"[-1, -1, -1, 10]","[0, 2, 2, 4]",7,-845,"[-1, -1, 10]","[0, 2, 4]",8,-1042,"[-1, -1, -1, -1, 10]","[0, 2, 1, 5, 4]",6,-859,"[-1, -1, 10]","[0, 2, 4]",8,-941,"[-1, -10, -10, -10, -10, -10, -10, -10, -10, -10]","[0, 0, 0, 0, 0, 0, 0, 0, 0, 0]",-91,-1162
"[-1, -1, 10]","[0, 2, 4]",8,-837,"[-1, -1, -1, 10]","[0, 2, 2, 4]",7,-1035,"[-1, -1, 10]","[0, 2, 4]",8,-851,"[-1, -1, -1, 10]","[0, 2, 2, 4]",7,-934,"[-1, -1, 10]","[0, 2, 4]",8,-1154
"[-10, -10, -10, -10, -10, -10, -10, -10, -10, -10]","[3, 3, 3, 3, 3, 3, 3, 3, 3, 3]",-100,-937,"[-1, -1, 10]","[0, 2, 4]",8,-1027,"[-1, -1, -1, -1, -1, 10]","[0, 2, 2, 1, 5, 4]",5,-846,"[-10, -10, -10, -10, -10, -10, -10, -10, -10, -10]","[3, 3, 3, 3, 3, 3, 3, 3, 3, 3]",-100,-1034,"[-1, -1, 10]","[0, 2, 4]",8,-1146
"[-10, -10, -10, -10, -10, -10, -10, -10, -10, -10]","[3, 3, 3, 3, 3, 3, 3, 3, 3, 3]",-100,-1037,"[-1, -10, -10, -10, -10, -10, -10, -10, -10, -10]","[0, 0, 0, 0, 0, 0, 0, 0, 0, 0]",-91,-1118,"[-10, -10, -10, -10, -10, -10, -10, -10, -10, -10]","[3, 3, 3, 3, 3, 3, 3, 3, 3, 3]",-100,-946,"[-1, -1, -1, 10]","[0, 2, 2, 4]",7,-1027,"[-10, -10, -10, -10, -10, -10, -10, -10, -10, -10]","[3, 3, 3, 3, 3, 3, 3, 3, 3, 3]",-100,-1246
"[-10, -10, -10, -10, -10, -10, -10, -10, -10, -10]","[3, 3, 3, 3, 3, 3, 3, 3, 3, 3]",-100,-1137,"[-1, -1, -1, -1, -1, 10]","[0, 2, 2, 1, 5, 4]",5,-1113,"[-1, -1, 10]","[0, 2, 4]",8,-938,"[-10, -10, -10, -10, -10, -10, -10, -10, -10, -10]","[3, 3, 3, 3, 3, 3, 3, 3, 3, 3]",-100,-1127,"[-1, -10, -10, -10, -10, -10, -10, -10, -10, -10]","[0, 0, 0, 0, 0, 0, 0, 0, 0, 0]",-91,-1337
"[-10, -10, -10, -10, -10, -10, -10, -10, -10, -10]","[3, 3, 3, 3, 3, 3, 3, 3, 3, 3]",-100,-1237,"[-1, -1, 10]","[0, 2, 4]",8,-1105,"[-10, -10, -10, -10, -10, -10, -10, -10, -10, -10]","[3, 3, 3, 3, 3, 3, 3, 3, 3, 3]",-100,-1038,"[-1, -1, -1, -1, 10]","[0, 2, 1, 5, 4]",6,-1121,"[-10, -10, -10, -10, -10, -10, -10, -10, -10, -10]","[3, 3, 3, 3, 3, 3, 3, 3, 3, 3]",-100,-1437
"[-10, -10, -10, -10, -10, -10, -10, -10, -10, -10]","[3, 3, 3, 3, 3, 3, 3, 3, 3, 3]",-100,-1337,"[-1, -10, -10, -10, -10, -10, -10, -10, -10, -10]","[0, 0, 0, 0, 0, 0, 0, 0, 0, 0]",-91,-1196,"[-1, -1, 10]","[0, 2, 4]",8,-1030,"[-1, -10, -10, -10, -10, -10, -10, -10, -10, -10]","[0, 0, 0, 0, 0, 0, 0, 0, 0, 0]",-91,-1212,"[-1, -1, -1, 10]","[0, 1, 5, 4]",7,-1430
"[-1, -1, -1, 10]","[0, 2, 2, 4]",7,-1330,"[-1, -10, -10, -10, -10, -10, -10, -10, -10, -10]","[0, 1, 1, 1, 1, 1, 1, 1, 1, 1]",-91,-1287,"[-10, -10, -10, -10, -10, -10, -10, -10, -10, -10]","[3, 3, 3, 3, 3, 3, 3, 3, 3, 3]",-100,-1130,"[-1, -1, -1, 10]","[0, 2, 2, 4]",7,-1205,"[-1, -1, -1, -1, -1, 10]","[0, 2, 2, 1, 5, 4]",5,-1425
"[-10, -10, -10, -10, -10, -10, -10, -10, -10, -10]","[3, 3, 3, 3, 3, 3, 3, 3, 3, 3]",-100,-1430,"[-1, -1, -1, 10]","[0, 2, 2, 4]",7,-1280,"[-1, -1, 10]","[0, 2, 4]",8,-1122,"[-10, -10, -10, -10, -10, -10, -10, -10, -10, -10]","[3, 3, 3, 3, 3, 3, 3, 3, 3, 3]",-100,-1305,"[-1, -1, -1, -1, 10]","[0, 2, 1, 5, 4]",6,-1419
"[-1, -1, 10]","[0, 2, 4]",8,-1422,"[-1, -1, -1, 10]","[0, 2, 2, 4]",7,-1273,"[-1, -1, 10]","[0, 2, 4]",8,-1114,"[-1, -1, 10]","[0, 2, 4]",8,-1297,"[-1, -10, -10, -10, -10, -10, -10, -10, -10, -10]","[0, 0, 0, 0, 0, 0, 0, 0, 0, 0]",-91,-1510
"[-1, -1, -1, 10]","[0, 2, 2, 4]",7,-1415,"[-10, -10, -10, -10, -10, -10, -10, -10, -10, -10]","[3, 3, 3, 3, 3, 3, 3, 3, 3, 3]",-100,-1373,"[-1, -1, 10]","[0, 2, 4]",8,-1106,"[-1, -1, 10]","[0, 2, 4]",8,-1289,"[-1, -1, -1, 10]","[0, 1, 5, 4]",7,-1503
"[-1, -1, 10]","[0, 2, 4]",8,-1407,"[-1, -1, -1, -1, -1, 10]","[0, 2, 2, 1, 5, 4]",5,-1368,"[-1, -1, 10]","[0, 2, 4]",8,-1098,"[-1, -1, -1, -1, 10]","[0, 2, 1, 5, 4]",6,-1283,"[-1, -1, 10]","[0, 2, 4]",8,-1495
"[-1, -1, -1, 10]","[0, 2, 2, 4]",7,-1400,"[-10, -10, -10, -10, -10, -10, -10, -10, -10, -10]","[3, 3, 3, 3, 3, 3, 3, 3, 3, 3]",-100,-1468,"[-1, -1, -1, 10]","[0, 1, 5, 4]",7,-1091,"[-10, -10, -10, -10, -10, -10, -10, -10, -10, -10]","[3, 3, 3, 3, 3, 3, 3, 3, 3, 3]",-100,-1383,"[-1, -1, 10]","[0, 2, 4]",8,-1487
"[-10, -10, -10, -10, -10, -10, -10, -10, -10, -10]","[3, 3, 3, 3, 3, 3, 3, 3, 3, 3]",-100,-1500,"[-1, -1, 10]","[0, 2, 4]",8,-1460,"[-10, -10, -10, -10, -10, -10, -10, -10, -10, -10]","[3, 3, 3, 3, 3, 3, 3, 3, 3, 3]",-100,-1191,"[-1, -1, -1, 10]","[0, 2, 2, 4]",7,-1376,"[-10, -10, -10, -10, -10, -10, -10, -10, -10, -10]","[3, 3, 3, 3, 3, 3, 3, 3, 3, 3]",-100,-1587
"[-1, -1, -1, -1, -1, 10]","[0, 2, 2, 1, 5, 4]",5,-1495,"[-1, -1, 10]","[0, 2, 4]",8,-1452,"[-1, -1, -1, 10]","[0, 2, 2, 4]",7,-1184,"[-1, -1, -1, 10]","[0, 2, 2, 4]",7,-1369,"[-1, -10, -10, -10, -10, -10, -10, -10, -10, -10]","[0, 0, 0, 0, 0, 0, 0, 0, 0, 0]",-91,-1678
"[-1, -1, 10]","[0, 2, 4]",8,-1487,"[-10, -10, -10, -10, -10, -10, -10, -10, -10, -10]","[3, 3, 3, 3, 3, 3, 3, 3, 3, 3]",-100,-1552,"[-1, -1, -1, 10]","[0, 1, 5, 4]",7,-1177,"[-1, -10, -10, -10, -10, -10, -10, -10, -10, -10]","[0, 0, 0, 0, 0, 0, 0, 0, 0, 0]",-91,-1460,"[-1, -1, 10]","[0, 2, 4]",8,-1670
"[-1, -1, -1, -1, 10]","[0, 2, 1, 5, 4]",6,-1481,"[-1, -1, 10]","[0, 2, 4]",8,-1544,"[-1, -10, -10, -10, -10, -10, -10, -10, -10, -10]","[0, 1, 1, 1, 1, 1, 1, 1, 1, 1]",-91,-1268,"[-1, -1, 10]","[0, 2, 4]",8,-1452,"[-10, -10, -10, -10, -10, -10, -10, -10, -10, -10]","[3, 3, 3, 3, 3, 3, 3, 3, 3, 3]",-100,-1770
"[-1, -1, -1, 10]","[0, 2, 2, 4]",7,-1474,"[-1, -1, -1, -1, -1, 10]","[0, 2, 2, 1, 5, 4]",5,-1539,"[-1, -1, -1, 10]","[0, 2, 2, 4]",7,-1261,"[-1, -1, -1, -1, 10]","[0, 2, 1, 5, 4]",6,-1446,"[-1, -1, -1, 10]","[0, 2, 2, 4]",7,-1763
"[-1, -1, 10]","[0, 2, 4]",8,-1466,"[-10, -10, -10, -10, -10, -10, -10, -10, -10, -10]","[3, 3, 3, 3, 3, 3, 3, 3, 3, 3]",-100,-1639,"[-1, -1, -1, -1, 10]","[0, 2, 1, 5, 4]",6,-1255,"[-1, -10, -10, -10, -10, -10, -10, -10, -10, -10]","[0, 0, 0, 0, 0, 0, 0, 0, 0, 0]",-91,-1537,"[-10, -10, -10, -10, -10, -10, -10, -10, -10, -10]","[3, 3, 3, 3, 3, 3, 3, 3, 3, 3]",-100,-1863
"[-1, -1, -1, -1, 10]","[0, 2, 1, 5, 4]",6,-1460,"[-10, -10, -10, -10, -10, -10, -10, -10, -10, -10]","[3, 3, 3, 3, 3, 3, 3, 3, 3, 3]",-100,-1739,"[-1, -1, 10]","[0, 2, 4]",8,-1247,"[-10, -10, -10, -10, -10, -10, -10, -10, -10, -10]","[3, 3, 3, 3, 3, 3, 3, 3, 3, 3]",-100,-1637,"[-1, -1, 10]","[0, 2, 4]",8,-1855
"[-10, -10, -10, -10, -10, -10, -10, -10, -10, -10]","[3, 3, 3, 3, 3, 3, 3, 3, 3, 3]",-100,-1560,"[-1, -1, -1, -1, -1, 10]","[0, 2, 2, 1, 5, 4]",5,-1734,"[-1, -1, 10]","[0, 2, 4]",8,-1239,"[-1, -1, -1, 10]","[0, 2, 2, 4]",7,-1630,"[-1, -10, -10, -10, -10, -10, -10, -10, -10, -10]","[0, 0, 0, 0, 0, 0, 0, 0, 0, 0]",-91,-1946
"[-1, -1, -1, 10]","[0, 2, 2, 4]",7,-1553,"[-1, -1, 10]","[0, 2, 4]",8,-1726,"[-10, -10, -10, -10, -10, -10, -10, -10, -10, -10]","[3, 3, 3, 3, 3, 3, 3, 3, 3, 3]",-100,-1339,"[-10, -10, -10, -10, -10, -10, -10, -10, -10, -10]","[3, 3, 3, 3, 3, 3, 3, 3, 3, 3]",-100,-1730,"[-1, -1, -1, -1, -1, 10]","[0, 2, 2, 1, 5, 4]",5,-1941
"[-1, -1, 10]","[0, 2, 4]",8,-1545,"[-1, -1, -1, 10]","[0, 2, 2, 4]",7,-1719,"[-1, -1, 10]","[0, 2, 4]",8,-1331,"[-1, -10, -10, -10, -10, -10, -10, -10, -10, -10]","[0, 0, 0, 0, 0, 0, 0, 0, 0, 0]",-91,-1821,"[-1, -10, -10, -10, -10, -10, -10, -10, -10, -10]","[0, 0, 0, 0, 0, 0, 0, 0, 0, 0]",-91,-2032
"[-1, -10, -10, -10, -10, -10, -10, -10, -10, -10]","[0, 0, 0, 0, 0, 0, 0, 0, 0, 0]",-91,-1636,"[-10, -10, -10, -10, -10, -10, -10, -10, -10, -10]","[3, 3, 3, 3, 3, 3, 3, 3, 3, 3]",-100,-1819,"[-1, -1, -1, 10]","[0, 1, 5, 4]",7,-1324,"[-1, -1, -1, 10]","[0, 2, 2, 4]",7,-1814,"[-10, -10, -10, -10, -10, -10, -10, -10, -10, -10]","[3, 3, 3, 3, 3, 3, 3, 3, 3, 3]",-100,-2132
"[-1, -1, -1, 10]","[0, 2, 2, 4]",7,-1629,"[-1, -1, 10]","[0, 2, 4]",8,-1811,"[-1, -10, -10, -10, -10, -10, -10, -10, -10, -10]","[0, 0, 0, 0, 0, 0, 0, 0, 0, 0]",-91,-1415,"[-1, -1, -1, 10]","[0, 2, 2, 4]",7,-1807,"[-1, -10, -10, -10, -10, -10, -10, -10, -10, -10]","[0, 1, 1, 3, 3, 3, 3, 1, 1, 3]",-91,-2223
"[-1, -1, -1, 10]","[0, 2, 2, 4]",7,-1622,"[-1, -1, 10]","[0, 2, 4]",8,-1803,"[-1, -10, -10, -10, -10, -10, -10, -10, -10, -10]","[0, 3, 3, 1, 1, 1, 3, 1, 3, 3]",-91,-1506,"[-1, -1, -1, 10]","[0, 2, 2, 4]",7,-1800,"[-1, -1, 10]","[0, 2, 4]",8,-2215
"[-1, -1, 10]","[0, 2, 4]",8,-1614,"[-1, -1, -1, -1, 10]","[0, 2, 1, 5, 4]",6,-1797,"[-1, -1, 10]","[0, 2, 4]",8,-1498,"[-1, -1, -1, -1, 10]","[0, 2, 1, 5, 4]",6,-1794,"[-1, -1, -1, 10]","[0, 2, 2, 4]",7,-2208
"[-1, -1, 10]","[0, 2, 4]",8,-1606,"[-1, -10, -10, -10, -10, -10, -10, -10, -10, -10]","[0, 0, 0, 0, 0, 0, 0, 0, 0, 0]",-91,-1888,"[-10, -10, -10, -10, -10, -10, -10, -10, -10, -10]","[3, 3, 3, 3, 3, 3, 3, 3, 3, 3]",-100,-1598,"[-1, -10, -10, -10, -10, -10, -10, -10, -10, -10]","[0, 1, 1, 1, 1, 1, 1, 1, 1, 1]",-91,-1885,"[-1, -1, -1, 10]","[0, 2, 2, 4]",7,-2201
"[-1, -10, -10, -10, -10, -10, -10, -10, -10, -10]","[0, 1, 3, 1, 1, 1, 1, 3, 1, 1]",-91,-1697,"[-1, -1, -1, 10]","[0, 1, 5, 4]",7,-1881,"[-1, -10, -10, -10, -10, -10, -10, -10, -10, -10]","[0, 0, 0, 0, 0, 0, 0, 0, 0, 0]",-91,-1689,"[-1, -1, 10]","[0, 2, 4]",8,-1877,"[-1, -10, -10, -10, -10, -10, -10, -10, -10, -10]","[0, 0, 0, 0, 0, 0, 0, 0, 0, 0]",-91,-2292
"[-1, -1, -1, -1, -1, 10]","[0, 2, 2, 1, 5, 4]",5,-1692,"[-1, -1, -1, 10]","[0, 2, 2, 4]",7,-1874,"[-1, -10, -10, -10, -10, -10, -10, -10, -10, -10]","[0, 1, 1, 1, 1, 3, 3, 3, 3, 1]",-91,-1780,"[-1, -1, 10]","[0, 2, 4]",8,-1869,"[-1, -1, -1, -1, 10]","[0, 2, 1, 5, 4]",6,-2286
"[-10, -10, -10, -10, -10, -10, -10, -10, -10, -10]","[3, 3, 3, 3, 3, 3, 3, 3, 3, 3]",-100,-1792,"[-10, -10, -10, -10, -10, -10, -10, -10, -10, -10]","[3, 3, 3, 3, 3, 3, 3, 3, 3, 3]",-100,-1974,"[-1, -10, -10, -10, -10, -10, -10, -10, -10, -10]","[0, 1, 1, 1, 1, 1, 1, 1, 1, 1]",-91,-1871,"[-10, -10, -10, -10, -10, -10, -10, -10, -10, -10]","[3, 3, 3, 3, 3, 3, 3, 3, 3, 3]",-100,-1969,"[-10, -10, -10, -10, -10, -10, -10, -10, -10, -10]","[3, 3, 3, 3, 3, 3, 3, 3, 3, 3]",-100,-2386
"[-1, -1, -1, 10]","[0, 2, 2, 4]",7,-1785,"[-1, -10, -10, -10, -10, -10, -10, -10, -10, -10]","[0, 0, 0, 0, 0, 0, 0, 0, 0, 0]",-91,-2065,"[-10, -10, -10, -10, -10, -10, -10, -10, -10, -10]","[3, 3, 3, 3, 3, 3, 3, 3, 3, 3]",-100,-1971,"[-10, -10, -10, -10, -10, -10, -10, -10, -10, -10]","[3, 3, 3, 3, 3, 3, 3, 3, 3, 3]",-100,-2069,"[-1, -1, 10]","[0, 2, 4]",8,-2378
"[-1, -1, -1, -1, -1, 10]","[0, 2, 2, 1, 5, 4]",5,-1780,"[-1, -10, -10, -10, -10, -10, -10, -10, -10, -10]","[0, 0, 0, 0, 0, 0, 0, 0, 0, 0]",-91,-2156,"[-1, -1, -1, 10]","[0, 2, 2, 4]",7,-1964,"[-1, -1, -1, 10]","[0, 2, 2, 4]",7,-2062,"[-10, -10, -10, -10, -10, -10, -10, -10, -10, -10]","[3, 3, 3, 3, 3, 3, 3, 3, 3, 3]",-100,-2478
"[-10, -10, -10, -10, -10, -10, -10, -10, -10, -10]","[3, 3, 3, 3, 3, 3, 3, 3, 3, 3]",-100,-1880,"[-1, -1, 10]","[0, 2, 4]",8,-2148,"[-10, -10, -10, -10, -10, -10, -10, -10, -10, -10]","[3, 3, 3, 3, 3, 3, 3, 3, 3, 3]",-100,-2064,"[-1, -1, -1, 10]","[0, 2, 2, 4]",7,-2055,"[-1, -1, -1, -1, 10]","[0, 2, 1, 5, 4]",6,-2472
"[-10, -10, -10, -10, -10, -10, -10, -10, -10, -10]","[3, 3, 3, 3, 3, 3, 3, 3, 3, 3]",-100,-1980,"[-1, -1, -1, 10]","[0, 2, 2, 4]",7,-2141,"[-1, -1, 10]","[0, 2, 4]",8,-2056,"[-1, -10, -10, -10, -10, -10, -10, -10, -10, -10]","[0, 3, 3, 1, 1, 3, 3, 3, 3, 3]",-91,-2146,"[-10, -10, -10, -10, -10, -10, -10, -10, -10, -10]","[3, 3, 3, 3, 3, 3, 3, 3, 3, 3]",-100,-2572
"[-1, -10, -10, -10, -10, -10, -10, -10, -10, -10]","[0, 0, 0, 0, 0, 0, 0, 0, 0, 0]",-91,-2071,"[-1, -10, -10, -10, -10, -10, -10, -10, -10, -10]","[0, 0, 0, 0, 0, 0, 0, 0, 0, 0]",-91,-2232,"[-1, -1, 10]","[0, 2, 4]",8,-2048,"[-1, -1, 10]","[0, 2, 4]",8,-2138,"[-1, -1, 10]","[0, 2, 4]",8,-2564
"[-1, -10, -10, -10, -10, -10, -10, -10, -10, -10]","[0, 0, 0, 0, 0, 0, 0, 0, 0, 0]",-91,-2162,"[-1, -10, -10, -10, -10, -10, -10, -10, -10, -10]","[0, 1, 1, 1, 1, 1, 1, 1, 1, 1]",-91,-2323,"[-1, -1, 10]","[0, 2, 4]",8,-2040,"[-1, -1, -1, -1, 10]","[0, 2, 1, 5, 4]",6,-2132,"[-1, -1, 10]","[0, 2, 4]",8,-2556
"[-1, -1, -1, -1, -1, 10]","[0, 2, 2, 1, 5, 4]",5,-2157,"[-10, -10, -10, -10, -10, -10, -10, -10, -10, -10]","[3, 3, 3, 3, 3, 3, 3, 3, 3, 3]",-100,-2423,"[-10, -10, -10, -10, -10, -10, -10, -10, -10, -10]","[3, 3, 3, 3, 3, 3, 3, 3, 3, 3]",-100,-2140,"[-1, -1, -1, 10]","[0, 2, 2, 4]",7,-2125,"[-10, -10, -10, -10, -10, -10, -10, -10, -10, -10]","[3, 3, 3, 3, 3, 3, 3, 3, 3, 3]",-100,-2656
"[-1, -10, -10, -10, -10, -10, -10, -10, -10, -10]","[0, 0, 0, 0, 0, 0, 0, 0, 0, 0]",-91,-2248,"[-1, -1, -1, 10]","[0, 2, 2, 4]",7,-2416,"[-1, -1, -1, -1, -1, 10]","[0, 2, 2, 1, 5, 4]",5,-2135,"[-10, -10, -10, -10, -10, -10, -10, -10, -10, -10]","[3, 3, 3, 3, 3, 3, 3, 3, 3, 3]",-100,-2225,"[-1, -1, -1, 10]","[0, 1, 5, 4]",7,-2649
"[-1, -1, 10]","[0, 2, 4]",8,-2240,"[-10, -10, -10, -10, -10, -10, -10, -10, -10, -10]","[3, 3, 3, 3, 3, 3, 3, 3, 3, 3]",-100,-2516,"[-1, -1, 10]","[0, 2, 4]",8,-2127,"[-1, -10, -10, -10, -10, -10, -10, -10, -10, -10]","[0, 0, 0, 0, 0, 0, 0, 0, 0, 0]",-91,-2316,"[-1, -1, -1, 10]","[0, 2, 2, 4]",7,-2642
"[-1, -1, -1, -1, 10]","[0, 2, 1, 5, 4]",6,-2234,"[-1, -1, 10]","[0, 2, 4]",8,-2508,"[-10, -10, -10, -10, -10, -10, -10, -10, -10, -10]","[3, 3, 3, 3, 3, 3, 3, 3, 3, 3]",-100,-2227,"[-1, -10, -10, -10, -10, -10, -10, -10, -10, -10]","[0, 0, 0, 0, 0, 0, 0, 0, 0, 0]",-91,-2407,"[-1, -1, -1, -1, -1, 10]","[0, 2, 2, 1, 5, 4]",5,-2637
"[-10, -10, -10, -10, -10, -10, -10, -10, -10, -10]","[3, 3, 3, 3, 3, 3, 3, 3, 3, 3]",-100,-2334,"[-1, -1, 10]","[0, 2, 4]",8,-2500,"[-1, -1, 10]","[0, 2, 4]",8,-2219,"[-1, -1, 10]","[0, 2, 4]",8,-2399,"[-1, -1, 10]","[0, 2, 4]",8,-2629
"[-1, -1, -1, -1, 10]","[0, 2, 1, 5, 4]",6,-2328,"[-10, -10, -10, -10, -10, -10, -10, -10, -10, -10]","[3, 3, 3, 3, 3, 3, 3, 3, 3, 3]",-100,-2600,"[-1, -10, -10, -10, -10, -10, -10, -10, -10, -10]","[0, 0, 0, 0, 0, 0, 0, 0, 0, 0]",-91,-2310,"[-1, -1, -1, -1, -1, 10]","[0, 2, 2, 1, 5, 4]",5,-2394,"[-1, -1, -1, -1, 10]","[0, 2, 1, 5, 4]",6,-2623
"[-10, -10, -10, -10, -10, -10, -10, -10, -10, -10]","[3, 3, 3, 3, 3, 3, 3, 3, 3, 3]",-100,-2428,"[-1, -1, -1, -1, 10]","[0, 2, 1, 5, 4]",6,-2594,"[-1, -1, -1, 10]","[0, 2, 2, 4]",7,-2303,"[-1, -1, 10]","[0, 2, 4]",8,-2386,"[-1, -10, -10, -10, -10, -10, -10, -10, -10, -10]","[0, 0, 0, 0, 0, 0, 0, 0, 0, 0]",-91,-2714
"[-1, -10, -10, -10, -10, -10, -10, -10, -10, -10]","[0, 1, 1, 3, 1, 1, 3, 1, 1, 3]",-91,-2519,"[-1, -1, -1, -1, -1, 10]","[0, 2, 2, 1, 5, 4]",5,-2589,"[-1, -1, -1, 10]","[0, 2, 2, 4]",7,-2296,"[-10, -10, -10, -10, -10, -10, -10, -10, -10, -10]","[3, 3, 3, 3, 3, 3, 3, 3, 3, 3]",-100,-2486,"[-10, -10, -10, -10, -10, -10, -10, -10, -10, -10]","[3, 3, 3, 3, 3, 3, 3, 3, 3, 3]",-100,-2814
"[-1, -1, -1, 10]","[0, 2, 2, 4]",7,-2512,"[-1, -10, -10, -10, -10, -10, -10, -10, -10, -10]","[0, 0, 0, 0, 0, 0, 0, 0, 0, 0]",-91,-2680,"[-10, -10, -10, -10, -10, -10, -10, -10, -10, -10]","[3, 3, 3, 3, 3, 3, 3, 3, 3, 3]",-100,-2396,"[-10, -10, -10, -10, -10, -10, -10, -10, -10, -10]","[3, 3, 3, 3, 3, 3, 3, 3, 3, 3]",-100,-2586,"[-1, -1, -1, 10]","[0, 2, 2, 4]",7,-2807
"[-1, -1, -1, -1, 10]","[0, 2, 1, 5, 4]",6,-2506,"[-1, -1, 10]","[0, 2, 4]",8,-2672,"[-1, -1, -1, -1, 10]","[0, 2, 1, 5, 4]",6,-2390,"[-1, -10, -10, -10, -10, -10, -10, -10, -10, -10]","[0, 0, 0, 0, 0, 0, 0, 0, 0, 0]",-91,-2677,"[-1, -10, -10, -10, -10, -10, -10, -10, -10, -10]","[0, 0, 0, 0, 0, 0, 0, 0, 0, 0]",-91,-2898
"[-1, -10, -10, -10, -10, -10, -10, -10, -10, -10]","[0, 3, 1, 3, 1, 3, 3, 3, 3, 3]",-91,-2597,"[-10, -10, -10, -10, -10, -10, -10, -10, -10, -10]","[3, 3, 3, 3, 3, 3, 3, 3, 3, 3]",-100,-2772,"[-10, -10, -10, -10, -10, -10, -10, -10, -10, -10]","[3, 3, 3, 3, 3, 3, 3, 3, 3, 3]",-100,-2490,"[-1, -1, 10]","[0, 2, 4]",8,-2669,"[-1, -10, -10, -10, -10, -10, -10, -10, -10, -10]","[0, 1, 3, 1, 3, 1, 3, 3, 3, 3]",-91,-2989
"[-1, -1, 10]","[0, 2, 4]",8,-2589,"[-1, -1, -1, 10]","[0, 2, 2, 4]",7,-2765,"[-1, -1, -1, -1, -1, 10]","[0, 2, 2, 1, 5, 4]",5,-2485,"[-1, -1, -1, -1, 10]","[0, 2, 1, 5, 4]",6,-2663,"[-1, -1, 10]","[0, 2, 4]",8,-2981
"[-10, -10, -10, -10, -10, -10, -10, -10, -10, -10]","[3, 3, 3, 3, 3, 3, 3, 3, 3, 3]",-100,-2689,"[-1, -1, -1, 10]","[0, 1, 5, 4]",7,-2758,"[-1, -1, -1, -1, 10]","[0, 2, 1, 5, 4]",6,-2479,"[-1, -1, 10]","[0, 2, 4]",8,-2655,"[-1, -1, 10]","[0, 2, 4]",8,-2973
"[-1, -10, -10, -10, -10, -10, -10, -10, -10, -10]","[0, 1, 1, 1, 1, 1, 1, 1, 1, 1]",-91,-2780,"[-1, -1, 10]","[0, 2, 4]",8,-2750,"[-1, -1, -1, -1, -1, 10]","[0, 2, 2, 1, 5, 4]",5,-2474,"[-1, -10, -10, -10, -10, -10, -10, -10, -10, -10]","[0, 0, 0, 0, 0, 0, 0, 0, 0, 0]",-91,-2746,"[-1, -10, -10, -10, -10, -10, -10, -10, -10, -10]","[0, 1, 3, 3, 3, 1, 3, 3, 3, 3]",-91,-3064
"[-1, -1, -1, -1, 10]","[0, 2, 1, 5, 4]",6,-2774,"[-1, -1, -1, -1, 10]","[0, 2, 1, 5, 4]",6,-2744,"[-1, -10, -10, -10, -10, -10, -10, -10, -10, -10]","[0, 1, 1, 1, 1, 1, 1, 1, 1, 1]",-91,-2565,"[-1, -1, -1, 10]","[0, 2, 2, 4]",7,-2739,"[-1, -1, -1, 10]","[0, 2, 2, 4]",7,-3057
"[-10, -10, -10, -10, -10, -10, -10, -10, -10, -10]","[3, 3, 3, 3, 3, 3, 3, 3, 3, 3]",-100,-2874,"[-1, -1, -1, 10]","[0, 2, 2, 4]",7,-2737,"[-1, -1, -1, 10]","[0, 1, 5, 4]",7,-2558,"[-10, -10, -10, -10, -10, -10, -10, -10, -10, -10]","[3, 3, 3, 3, 3, 3, 3, 3, 3, 3]",-100,-2839,"[-10, -10, -10, -10, -10, -10, -10, -10, -10, -10]","[3, 3, 3, 3, 3, 3, 3, 3, 3, 3]",-100,-3157
"[-1, -1, 10]","[0, 2, 4]",8,-2866,"[-1, -1, -1, -1, -1, 10]","[0, 2, 2, 1, 5, 4]",5,-2732,"[-1, -1, -1, -1, 10]","[0, 2, 1, 5, 4]",6,-2552,"[-1, -1, 10]","[0, 2, 4]",8,-2831,"[-1, -1, -1, 10]","[0, 2, 2, 4]",7,-3150
"[-10, -10, -10, -10, -10, -10, -10, -10, -10, -10]","[3, 3, 3, 3, 3, 3, 3, 3, 3, 3]",-100,-2966,"[-1, -1, -1, 10]","[0, 2, 2, 4]",7,-2725,"[-10, -10, -10, -10, -10, -10, -10, -10, -10, -10]","[3, 3, 3, 3, 3, 3, 3, 3, 3, 3]",-100,-2652,"[-1, -1, 10]","[0, 2, 4]",8,-2823,"[-1, -10, -10, -10, -10, -10, -10, -10, -10, -10]","[0, 3, 3, 1, 3, 1, 1, 3, 3, 3]",-91,-3241
"[-1, -10, -10, -10, -10, -10, -10, -10, -10, -10]","[0, 0, 0, 0, 0, 0, 0, 0, 0, 0]",-91,-3057,"[-10, -10, -10, -10, -10, -10, -10, -10, -10, -10]","[3, 3, 3, 3, 3, 3, 3, 3, 3, 3]",-100,-2825,"[-1, -1, -1, -1, 10]","[0, 2, 1, 5, 4]",6,-2646,"[-1, -1, -1, 10]","[0, 2, 2, 4]",7,-2816,"[-10, -10, -10, -10, -10, -10, -10, -10, -10, -10]","[3, 3, 3, 3, 3, 3, 3, 3, 3, 3]",-100,-3341
"[-1, -1, -1, 10]","[0, 1, 5, 4]",7,-3050,"[-10, -10, -10, -10, -10, -10, -10, -10, -10, -10]","[3, 3, 3, 3, 3, 3, 3, 3, 3, 3]",-100,-2925,"[-1, -1, -1, -1, -1, 10]","[0, 2, 2, 1, 5, 4]",5,-2641,"[-1, -1, -1, -1, -1, 10]","[0, 2, 2, 1, 5, 4]",5,-2811,"[-10, -10, -10, -10, -10, -10, -10, -10, -10, -10]","[3, 3, 3, 3, 3, 3, 3, 3, 3, 3]",-100,-3441
"[-10, -10, -10, -10, -10, -10, -10, -10, -10, -10]","[3, 3, 3, 3, 3, 3, 3, 3, 3, 3]",-100,-3150,"[-1, -10, -10, -10, -10, -10, -10, -10, -10, -10]","[0, 0, 0, 0, 0, 0, 0, 0, 0, 0]",-91,-3016,"[-1, -1, 10]","[0, 2, 4]",8,-2633,"[-1, -1, -1, -1, -1, 10]","[0, 2, 2, 1, 5, 4]",5,-2806,"[-10, -10, -10, -10, -10, -10, -10, -10, -10, -10]","[3, 3, 3, 3, 3, 3, 3, 3, 3, 3]",-100,-3541
"[-1, -10, -10, -10, -10, -10, -10, -10, -10, -10]","[0, 1, 1, 1, 1, 1, 1, 1, 1, 1]",-91,-3241,"[-10, -10, -10, -10, -10, -10, -10, -10, -10, -10]","[3, 3, 3, 3, 3, 3, 3, 3, 3, 3]",-100,-3116,"[-1, -1, -1, 10]","[0, 1, 5, 4]",7,-2626,"[-1, -1, -1, -1, -1, 10]","[0, 2, 2, 1, 5, 4]",5,-2801,"[-1, -1, 10]","[0, 2, 4]",8,-3533
"[-1, -10, -10, -10, -10, -10, -10, -10, -10, -10]","[0, 0, 0, 0, 0, 0, 0, 0, 0, 0]",-91,-3332,"[-1, -1, -1, -1, -1, 10]","[0, 2, 2, 1, 5, 4]",5,-3111,"[-1, -1, -1, 10]","[0, 1, 5, 4]",7,-2619,"[-1, -1, -1, 10]","[0, 1, 5, 4]",7,-2794,"[-1, -1, -1, 10]","[0, 2, 2, 4]",7,-3526
"[-10, -10, -10, -10, -10, -10, -10, -10, -10, -10]","[3, 3, 3, 3, 3, 3, 3, 3, 3, 3]",-100,-3432,"[-1, -1, 10]","[0, 2, 4]",8,-3103,"[-10, -10, -10, -10, -10, -10, -10, -10, -10, -10]","[3, 3, 3, 3, 3, 3, 3, 3, 3, 3]",-100,-2719,"[-1, -1, 10]","[0, 2, 4]",8,-2786,"[-1, -1, -1, 10]","[0, 2, 2, 4]",7,-3519
"[-1, -1, -1, -1, -1, 10]","[0, 2, 2, 1, 5, 4]",5,-3427,"[-10, -10, -10, -10, -10, -10, -10, -10, -10, -10]","[3, 3, 3, 3, 3, 3, 3, 3, 3, 3]",-100,-3203,"[-10, -10, -10, -10, -10, -10, -10, -10, -10, -10]","[3, 3, 3, 3, 3, 3, 3, 3, 3, 3]",-100,-2819,"[-1, -1, 10]","[0, 2, 4]",8,-2778,"[-1, -10, -10, -10, -10, -10, -10, -10, -10, -10]","[0, 0, 0, 0, 0, 0, 0, 0, 0, 0]",-91,-3610
"[-1, -10, -10, -10, -10, -10, -10, -10, -10, -10]","[0, 0, 0, 0, 0, 0, 0, 0, 0, 0]",-91,-3518,"[-1, -1, -1, 10]","[0, 2, 2, 4]",7,-3196,"[-1, -1, 10]","[0, 2, 4]",8,-2811,"[-10, -10, -10, -10, -10, -10, -10, -10, -10, -10]","[3, 3, 3, 3, 3, 3, 3, 3, 3, 3]",-100,-2878,"[-1, -1, 10]","[0, 2, 4]",8,-3602
"[-1, -10, -10, -10, -10, -10, -10, -10, -10, -10]","[0, 0, 0, 0, 0, 0, 0, 0, 0, 0]",-91,-3609,"[-10, -10, -10, -10, -10, -10, -10, -10, -10, -10]","[3, 3, 3, 3, 3, 3, 3, 3, 3, 3]",-100,-3296,"[-10, -10, -10, -10, -10, -10, -10, -10, -10, -10]","[3, 3, 3, 3, 3, 3, 3, 3, 3, 3]",-100,-2911,"[-10, -10, -10, -10, -10, -10, -10, -10, -10, -10]","[3, 3, 3, 3, 3, 3, 3, 3, 3, 3]",-100,-2978,"[-1, -1, 10]","[0, 2, 4]",8,-3594
"[-1, -1, -1, 10]","[0, 2, 2, 4]",7,-3602,"[-1, -1, 10]","[0, 2, 4]",8,-3288,"[-1, -1, -1, 10]","[0, 1, 5, 4]",7,-2904,"[-1, -1, 10]","[0, 2, 4]",8,-2970,"[-1, -10, -10, -10, -10, -10, -10, -10, -10, -10]","[0, 0, 0, 0, 0, 0, 0, 0, 0, 0]",-91,-3685
"[-10, -10, -10, -10, -10, -10, -10, -10, -10, -10]","[3, 3, 3, 3, 3, 3, 3, 3, 3, 3]",-100,-3702,"[-10, -10, -10, -10, -10, -10, -10, -10, -10, -10]","[3, 3, 3, 3, 3, 3, 3, 3, 3, 3]",-100,-3388,"[-1, -1, -1, -1, -1, 10]","[0, 2, 2, 1, 5, 4]",5,-2899,"[-1, -1, -1, 10]","[0, 2, 2, 4]",7,-2963,"[-1, -1, -1, -1, 10]","[0, 2, 1, 5, 4]",6,-3679
"[-1, -1, 10]","[0, 2, 4]",8,-3694,"[-10, -10, -10, -10, -10, -10, -10, -10, -10, -10]","[3, 3, 3, 3, 3, 3, 3, 3, 3, 3]",-100,-3488,"[-10, -10, -10, -10, -10, -10, -10, -10, -10, -10]","[3, 3, 3, 3, 3, 3, 3, 3, 3, 3]",-100,-2999,"[-1, -10, -10, -10, -10, -10, -10, -10, -10, -10]","[0, 0, 0, 0, 0, 0, 0, 0, 0, 0]",-91,-3054,"[-1, -10, -10, -10, -10, -10, -10, -10, -10, -10]","[0, 0, 0, 0, 0, 0, 0, 0, 0, 0]",-91,-3770
"[-1, -1, 10]","[0, 2, 4]",8,-3686,"[-1, -1, -1, -1, -1, 10]","[0, 2, 2, 1, 5, 4]",5,-3483,"[-1, -1, -1, -1, 10]","[0, 2, 1, 5, 4]",6,-2993,"[-1, -1, -1, -1, -1, 10]","[0, 2, 2, 1, 5, 4]",5,-3049,"[-10, -10, -10, -10, -10, -10, -10, -10, -10, -10]","[3, 3, 3, 3, 3, 3, 3, 3, 3, 3]",-100,-3870
"[-1, -1, 10]","[0, 2, 4]",8,-3678,"[-1, -1, 10]","[0, 2, 4]",8,-3475,"[-10, -10, -10, -10, -10, -10, -10, -10, -10, -10]","[3, 3, 3, 3, 3, 3, 3, 3, 3, 3]",-100,-3093,"[-1, -1, -1, -1, -1, 10]","[0, 2, 2, 1, 5, 4]",5,-3044,"[-1, -10, -10, -10, -10, -10, -10, -10, -10, -10]","[0, 0, 0, 0, 0, 0, 0, 0, 0, 0]",-91,-3961
"[-10, -10, -10, -10, -10, -10, -10, -10, -10, -10]","[3, 3, 3, 3, 3, 3, 3, 3, 3, 3]",-100,-3778,"[-1, -1, 10]","[0, 2, 4]",8,-3467,"[-1, -1, 10]","[0, 2, 4]",8,-3085,"[-10, -10, -10, -10, -10, -10, -10, -10, -10, -10]","[3, 3, 3, 3, 3, 3, 3, 3, 3, 3]",-100,-3144,"[-1, -10, -10, -10, -10, -10, -10, -10, -10, -10]","[0, 0, 0, 0, 0, 0, 0, 0, 0, 0]",-91,-4052
"[-1, -10, -10, -10, -10, -10, -10, -10, -10, -10]","[0, 3, 3, 1, 1, 3, 1, 1, 3, 1]",-91,-3869,"[-1, -1, -1, 10]","[0, 2, 2, 4]",7,-3460,"[-1, -10, -10, -10, -10, -10, -10, -10, -10, -10]","[0, 1, 1, 1, 1, 1, 1, 1, 1, 1]",-91,-3176,"[-1, -10, -10, -10, -10, -10, -10, -10, -10, -10]","[0, 1, 1, 1, 1, 1, 1, 1, 1, 1]",-91,-3235,"[-1, -1, 10]","[0, 2, 4]",8,-4044
"[-1, -10, -10, -10, -10, -10, -10, -10, -10, -10]","[0, 0, 0, 0, 0, 0, 0, 0, 0, 0]",-91,-3960,"[-1, -1, -1, 10]","[0, 2, 2, 4]",7,-3453,"[-1, -1, 10]","[0, 2, 4]",8,-3168,"[-1, -1, -1, -1, -1, 10]","[0, 2, 2, 1, 5, 4]",5,-3230,"[-1, -10, -10, -10, -10, -10, -10, -10, -10, -10]","[0, 1, 1, 1, 3, 3, 1, 3, 1, 3]",-91,-4135
"[-1, -10, -10, -10, -10, -10, -10, -10, -10, -10]","[0, 0, 0, 0, 0, 0, 0, 0, 0, 0]",-91,-4051,"[-10, -10, -10, -10, -10, -10, -10, -10, -10, -10]","[3, 3, 3, 3, 3, 3, 3, 3, 3, 3]",-100,-3553,"[-1, -1, -1, -1, 10]","[0, 2, 1, 5, 4]",6,-3162,"[-1, -1, -1, -1, -1, 10]","[0, 2, 2, 1, 5, 4]",5,-3225,"[-1, -1, 10]","[0, 2, 4]",8,-4127
"[-10, -10, -10, -10, -10, -10, -10, -10, -10, -10]","[3, 3, 3, 3, 3, 3, 3, 3, 3, 3]",-100,-4151,"[-10, -10, -10, -10, -10, -10, -10, -10, -10, -10]","[3, 3, 3, 3, 3, 3, 3, 3, 3, 3]",-100,-3653,"[-1, -10, -10, -10, -10, -10, -10, -10, -10, -10]","[0, 0, 0, 0, 0, 0, 0, 0, 0, 0]",-91,-3253,"[-1, -1, -1, -1, -1, 10]","[0, 2, 2, 1, 5, 4]",5,-3220,"[-1, -1, 10]","[0, 2, 4]",8,-4119
"[-1, -1, 10]","[0, 2, 4]",8,-4143,"[-1, -1, -1, -1, 10]","[0, 2, 1, 5, 4]",6,-3647,"[-10, -10, -10, -10, -10, -10, -10, -10, -10, -10]","[3, 3, 3, 3, 3, 3, 3, 3, 3, 3]",-100,-3353,"[-1, -1, -1, -1, 10]","[0, 2, 1, 5, 4]",6,-3214,"[-1, -1, 10]","[0, 2, 4]",8,-4111
