0,1,2,3,4,5,6,7,8,9,10,11,12,13,14,15,16,17,18,19
"[-10, -10, -10, -10, -10, -10, -10, -10, -10, -10]","[3, 3, 3, 3, 3, 3, 3, 3, 3, 3]",-100,-100,"[-10, -10, -10, -10, -10, -10, -10, -10, -10, -10]","[2, 2, 2, 2, 2, 2, 2, 2, 2, 2]",-100,-100,"[-1, -1, -1, 10]","[0, 2, 2, 4]",7,7,"[-1, -1, 10]","[0, 2, 4]",8,8,"[-1, -10, -10, -10, -10, -10, -10, -10, -10, -10]","[0, 2, 2, 2, 2, 2, 2, 2, 2, 2]",-91,-91
"[-1, -1, 10]","[0, 2, 4]",8,-92,"[-1, -1, 10]","[0, 2, 4]",8,-92,"[-1, -1, -1, -1, 10]","[0, 2, 1, 5, 4]",6,13,"[-1, -1, 10]","[0, 2, 4]",8,16,"[-1, -1, -1, 10]","[0, 2, 2, 4]",7,-84
"[-1, -1, -1, 10]","[0, 2, 2, 4]",7,-85,"[-1, -1, -1, -1, -1, 10]","[0, 2, 2, 1, 5, 4]",5,-87,"[-1, -1, 10]","[0, 2, 4]",8,21,"[-1, -1, -1, -1, -1, 10]","[0, 2, 2, 1, 5, 4]",5,21,"[-10, -10, -10, -10, -10, -10, -10, -10, -10, -10]","[3, 3, 3, 3, 3, 3, 3, 3, 3, 3]",-100,-184
"[-1, -1, 10]","[0, 2, 4]",8,-77,"[-1, -1, -1, 10]","[0, 2, 2, 4]",7,-80,"[-1, -1, 10]","[0, 2, 4]",8,29,"[-1, -1, -1, -1, 10]","[0, 2, 1, 5, 4]",6,27,"[-1, -1, -1, 10]","[0, 2, 2, 4]",7,-177
"[-10, -10, -10, -10, -10, -10, -10, -10, -10, -10]","[3, 3, 3, 3, 3, 3, 3, 3, 3, 3]",-100,-177,"[-1, -1, -1, 10]","[0, 2, 2, 4]",7,-73,"[-1, -1, 10]","[0, 2, 4]",8,37,"[-10, -10, -10, -10, -10, -10, -10, -10, -10, -10]","[3, 3, 3, 3, 3, 3, 3, 3, 3, 3]",-100,-73,"[-1, -1, 10]","[0, 2, 4]",8,-169
"[-10, -10, -10, -10, -10, -10, -10, -10, -10, -10]","[2, 2, 2, 2, 2, 2, 2, 2, 2, 2]",-100,-277,"[-1, -1, -1, 10]","[0, 2, 2, 4]",7,-66,"[-1, -1, 10]","[0, 2, 4]",8,45,"[-1, -1, 10]","[0, 2, 4]",8,-65,"[-1, -1, 10]","[0, 2, 4]",8,-161
"[-1, -1, -1, 10]","[0, 2, 2, 4]",7,-270,"[-10, -10, -10, -10, -10, -10, -10, -10, -10, -10]","[2, 2, 2, 2, 2, 2, 2, 2, 2, 2]",-100,-166,"[-10, -10, -10, -10, -10, -10, -10, -10, -10, -10]","[3, 3, 3, 3, 3, 3, 3, 3, 3, 3]",-100,-55,"[-1, -1, -1, 10]","[0, 1, 5, 4]",7,-58,"[-1, -1, -1, 10]","[0, 2, 2, 4]",7,-154
"[-1, -1, 10]","[0, 2, 4]",8,-262,"[-1, -1, 10]","[0, 2, 4]",8,-158,"[-10, -10, -10, -10, -10, -10, -10, -10, -10, -10]","[2, 2, 2, 2, 2, 2, 2, 2, 2, 2]",-100,-155,"[-1, -1, 10]","[0, 2, 4]",8,-50,"[-1, -1, -1, -1, -1, 10]","[0, 2, 2, 1, 5, 4]",5,-149
"[-1, -1, -1, -1, 10]","[0, 3, 1, 5, 4]",6,-256,"[-1, -1, 10]","[0, 2, 4]",8,-150,"[-10, -10, -10, -10, -10, -10, -10, -10, -10, -10]","[2, 2, 2, 2, 2, 2, 2, 2, 2, 2]",-100,-255,"[-1, -1, -1, 10]","[0, 2, 2, 4]",7,-43,"[-1, -1, -1, -1, 10]","[0, 2, 1, 5, 4]",6,-143
"[-1, -1, -1, -1, -1, 10]","[0, 2, 2, 1, 5, 4]",5,-251,"[-1, -1, -1, 10]","[0, 2, 2, 4]",7,-143,"[-1, -1, -1, 10]","[0, 1, 5, 4]",7,-248,"[-10, -10, -10, -10, -10, -10, -10, -10, -10, -10]","[2, 2, 2, 2, 2, 2, 2, 2, 2, 2]",-100,-143,"[-1, -1, -1, 10]","[0, 2, 2, 4]",7,-136
"[-1, -1, -1, 10]","[0, 2, 2, 4]",7,-244,"[-10, -10, -10, -10, -10, -10, -10, -10, -10, -10]","[3, 3, 3, 3, 3, 3, 3, 3, 3, 3]",-100,-243,"[-1, -10, -10, -10, -10, -10, -10, -10, -10, -10]","[0, 1, 1, 1, 1, 1, 1, 1, 1, 1]",-91,-339,"[-1, -10, -10, -10, -10, -10, -10, -10, -10, -10]","[0, 2, 2, 2, 2, 2, 2, 2, 2, 2]",-91,-234,"[-10, -10, -10, -10, -10, -10, -10, -10, -10, -10]","[3, 3, 3, 3, 3, 3, 3, 3, 3, 3]",-100,-236
"[-1, -1, -1, -1, 10]","[0, 2, 1, 5, 4]",6,-238,"[-1, -1, -1, -1, -1, 10]","[0, 2, 2, 1, 5, 4]",5,-238,"[-1, -1, -1, 10]","[0, 2, 2, 4]",7,-332,"[-1, -1, 10]","[0, 2, 4]",8,-226,"[-1, -1, -1, -1, -1, 10]","[0, 2, 2, 1, 5, 4]",5,-231
"[-10, -10, -10, -10, -10, -10, -10, -10, -10, -10]","[2, 2, 2, 2, 2, 2, 2, 2, 2, 2]",-100,-338,"[-1, -1, 10]","[0, 2, 4]",8,-230,"[-1, -1, -1, -1, -1, 10]","[0, 2, 2, 1, 5, 4]",5,-327,"[-10, -10, -10, -10, -10, -10, -10, -10, -10, -10]","[2, 2, 2, 2, 2, 2, 2, 2, 2, 2]",-100,-326,"[-1, -1, 10]","[0, 2, 4]",8,-223
"[-1, -1, -1, -1, 10]","[0, 2, 1, 5, 4]",6,-332,"[-1, -1, -1, 10]","[0, 2, 2, 4]",7,-223,"[-10, -10, -10, -10, -10, -10, -10, -10, -10, -10]","[2, 2, 2, 2, 2, 2, 2, 2, 2, 2]",-100,-427,"[-1, -1, 10]","[0, 2, 4]",8,-318,"[-1, -1, -1, 10]","[0, 2, 2, 4]",7,-216
"[-10, -10, -10, -10, -10, -10, -10, -10, -10, -10]","[3, 3, 3, 3, 3, 3, 3, 3, 3, 3]",-100,-432,"[-10, -10, -10, -10, -10, -10, -10, -10, -10, -10]","[2, 2, 2, 2, 2, 2, 2, 2, 2, 2]",-100,-323,"[-10, -10, -10, -10, -10, -10, -10, -10, -10, -10]","[3, 3, 3, 3, 3, 3, 3, 3, 3, 3]",-100,-527,"[-10, -10, -10, -10, -10, -10, -10, -10, -10, -10]","[2, 2, 2, 2, 2, 2, 2, 2, 2, 2]",-100,-418,"[-1, -1, 10]","[0, 2, 4]",8,-208
"[-1, -1, -1, -1, 10]","[0, 2, 1, 5, 4]",6,-426,"[-1, -1, 10]","[0, 2, 4]",8,-315,"[-1, -1, 10]","[0, 2, 4]",8,-519,"[-1, -1, -1, 10]","[0, 2, 2, 4]",7,-411,"[-1, -1, -1, 10]","[0, 2, 2, 4]",7,-201
"[-1, -1, -1, -1, 10]","[0, 2, 1, 5, 4]",6,-420,"[-1, -1, -1, -1, 10]","[0, 2, 1, 5, 4]",6,-309,"[-10, -10, -10, -10, -10, -10, -10, -10, -10, -10]","[3, 3, 3, 3, 3, 3, 3, 3, 3, 3]",-100,-619,"[-10, -10, -10, -10, -10, -10, -10, -10, -10, -10]","[3, 3, 3, 3, 3, 3, 3, 3, 3, 3]",-100,-511,"[-1, -1, -1, -1, 10]","[0, 2, 1, 5, 4]",6,-195
"[-10, -10, -10, -10, -10, -10, -10, -10, -10, -10]","[2, 2, 2, 2, 2, 2, 2, 2, 2, 2]",-100,-520,"[-1, -1, -1, -1, -1, 10]","[0, 2, 2, 1, 5, 4]",5,-304,"[-1, -1, -1, -1, 10]","[0, 2, 1, 5, 4]",6,-613,"[-1, -1, -1, -1, -1, 10]","[0, 2, 2, 1, 5, 4]",5,-506,"[-10, -10, -10, -10, -10, -10, -10, -10, -10, -10]","[3, 3, 3, 3, 3, 3, 3, 3, 3, 3]",-100,-295
"[-1, -1, -1, 10]","[0, 2, 2, 4]",7,-513,"[-1, -1, -1, 10]","[0, 2, 2, 4]",7,-297,"[-1, -1, -1, -1, -1, 10]","[0, 2, 2, 1, 5, 4]",5,-608,"[-1, -1, -1, -1, 10]","[0, 2, 1, 5, 4]",6,-500,"[-1, -1, 10]","[0, 2, 4]",8,-287
"[-1, -1, -1, -1, -1, 10]","[0, 2, 2, 1, 5, 4]",5,-508,"[-1, -1, 10]","[0, 2, 4]",8,-289,"[-1, -1, -1, -1, 10]","[0, 2, 1, 5, 4]",6,-602,"[-10, -10, -10, -10, -10, -10, -10, -10, -10, -10]","[2, 2, 2, 2, 2, 2, 2, 2, 2, 2]",-100,-600,"[-1, -1, 10]","[0, 2, 4]",8,-279
"[-1, -1, -1, 10]","[0, 2, 2, 4]",7,-501,"[-1, -1, 10]","[0, 2, 4]",8,-281,"[-1, -1, -1, -1, 10]","[0, 2, 1, 5, 4]",6,-596,"[-1, -1, 10]","[0, 2, 4]",8,-592,"[-1, -1, 10]","[0, 2, 4]",8,-271
"[-1, -10, -10, -10, -10, -10, -10, -10, -10, -10]","[0, 2, 2, 2, 2, 2, 2, 2, 2, 2]",-91,-592,"[-1, -1, 10]","[0, 2, 4]",8,-273,"[-1, -1, -1, -1, -1, 10]","[0, 2, 2, 1, 5, 4]",5,-591,"[-10, -10, -10, -10, -10, -10, -10, -10, -10, -10]","[2, 2, 2, 2, 2, 2, 2, 2, 2, 2]",-100,-692,"[-1, -1, -1, 10]","[0, 2, 2, 4]",7,-264
"[-1, -1, -1, 10]","[0, 2, 2, 4]",7,-585,"[-1, -1, -1, 10]","[0, 2, 2, 4]",7,-266,"[-1, -1, -1, 10]","[0, 2, 2, 4]",7,-584,"[-10, -10, -10, -10, -10, -10, -10, -10, -10, -10]","[3, 3, 3, 3, 3, 3, 3, 3, 3, 3]",-100,-792,"[-1, -1, -1, -1, -1, 10]","[0, 2, 2, 1, 5, 4]",5,-259
"[-1, -1, -1, -1, 10]","[0, 3, 1, 5, 4]",6,-579,"[-1, -10, -10, -10, -10, -10, -10, -10, -10, -10]","[0, 1, 1, 1, 1, 1, 1, 1, 1, 1]",-91,-357,"[-10, -10, -10, -10, -10, -10, -10, -10, -10, -10]","[2, 2, 2, 2, 2, 2, 2, 2, 2, 2]",-100,-684,"[-1, -1, 10]","[0, 2, 4]",8,-784,"[-1, -1, 10]","[0, 2, 4]",8,-251
"[-1, -1, -1, -1, 10]","[0, 2, 1, 5, 4]",6,-573,"[-1, -1, 10]","[0, 2, 4]",8,-349,"[-1, -1, 10]","[0, 2, 4]",8,-676,"[-10, -10, -10, -10, -10, -10, -10, -10, -10, -10]","[3, 3, 3, 3, 3, 3, 3, 3, 3, 3]",-100,-884,"[-1, -1, 10]","[0, 2, 4]",8,-243
"[-10, -10, -10, -10, -10, -10, -10, -10, -10, -10]","[2, 2, 2, 2, 2, 2, 2, 2, 2, 2]",-100,-673,"[-1, -10, -10, -10, -10, -10, -10, -10, -10, -10]","[0, 1, 1, 1, 1, 1, 1, 1, 1, 1]",-91,-440,"[-1, -1, -1, 10]","[0, 2, 2, 4]",7,-669,"[-1, -1, -1, 10]","[0, 2, 2, 4]",7,-877,"[-1, -1, -1, 10]","[0, 2, 2, 4]",7,-236
"[-1, -1, -1, 10]","[0, 1, 5, 4]",7,-666,"[-10, -10, -10, -10, -10, -10, -10, -10, -10, -10]","[2, 2, 2, 2, 2, 2, 2, 2, 2, 2]",-100,-540,"[-1, -1, -1, -1, -1, 10]","[0, 2, 2, 1, 5, 4]",5,-664,"[-1, -1, -1, 10]","[0, 2, 2, 4]",7,-870,"[-1, -1, -1, 10]","[0, 2, 2, 4]",7,-229
"[-1, -10, -10, -10, -10, -10, -10, -10, -10, -10]","[0, 1, 1, 1, 1, 1, 1, 1, 1, 1]",-91,-757,"[-1, -1, 10]","[0, 2, 4]",8,-532,"[-1, -1, -1, -1, -1, 10]","[0, 2, 2, 1, 5, 4]",5,-659,"[-1, -1, 10]","[0, 2, 4]",8,-862,"[-1, -1, -1, 10]","[0, 2, 2, 4]",7,-222
"[-1, -1, 10]","[0, 2, 4]",8,-749,"[-10, -10, -10, -10, -10, -10, -10, -10, -10, -10]","[2, 2, 2, 2, 2, 2, 2, 2, 2, 2]",-100,-632,"[-1, -1, -1, 10]","[0, 2, 2, 4]",7,-652,"[-1, -10, -10, -10, -10, -10, -10, -10, -10, -10]","[0, 1, 1, 1, 1, 1, 1, 1, 1, 1]",-91,-953,"[-10, -10, -10, -10, -10, -10, -10, -10, -10, -10]","[3, 3, 3, 3, 3, 3, 3, 3, 3, 3]",-100,-322
"[-1, -1, -1, 10]","[0, 1, 5, 4]",7,-742,"[-1, -1, 10]","[0, 2, 4]",8,-624,"[-1, -1, -1, -1, 10]","[0, 2, 1, 5, 4]",6,-646,"[-1, -1, -1, 10]","[0, 2, 2, 4]",7,-946,"[-1, -1, -1, -1, -1, 10]","[0, 2, 2, 1, 5, 4]",5,-317
"[-10, -10, -10, -10, -10, -10, -10, -10, -10, -10]","[2, 2, 2, 2, 2, 2, 2, 2, 2, 2]",-100,-842,"[-1, -1, 10]","[0, 2, 4]",8,-616,"[-10, -10, -10, -10, -10, -10, -10, -10, -10, -10]","[3, 3, 3, 3, 3, 3, 3, 3, 3, 3]",-100,-746,"[-1, -1, 10]","[0, 2, 4]",8,-938,"[-1, -1, 10]","[0, 2, 4]",8,-309
"[-1, -1, -1, -1, -1, 10]","[0, 2, 2, 1, 5, 4]",5,-837,"[-1, -1, -1, -1, 10]","[0, 3, 1, 5, 4]",6,-610,"[-10, -10, -10, -10, -10, -10, -10, -10, -10, -10]","[2, 2, 2, 2, 2, 2, 2, 2, 2, 2]",-100,-846,"[-1, -1, -1, 10]","[0, 2, 2, 4]",7,-931,"[-10, -10, -10, -10, -10, -10, -10, -10, -10, -10]","[3, 3, 3, 3, 3, 3, 3, 3, 3, 3]",-100,-409
"[-10, -10, -10, -10, -10, -10, -10, -10, -10, -10]","[3, 3, 3, 3, 3, 3, 3, 3, 3, 3]",-100,-937,"[-10, -10, -10, -10, -10, -10, -10, -10, -10, -10]","[3, 3, 3, 3, 3, 3, 3, 3, 3, 3]",-100,-710,"[-1, -1, 10]","[0, 2, 4]",8,-838,"[-10, -10, -10, -10, -10, -10, -10, -10, -10, -10]","[3, 3, 3, 3, 3, 3, 3, 3, 3, 3]",-100,-1031,"[-10, -10, -10, -10, -10, -10, -10, -10, -10, -10]","[3, 3, 3, 3, 3, 3, 3, 3, 3, 3]",-100,-509
"[-1, -1, -1, 10]","[0, 2, 2, 4]",7,-930,"[-1, -1, -1, -1, 10]","[0, 3, 1, 5, 4]",6,-704,"[-1, -1, -1, -1, -1, 10]","[0, 2, 2, 1, 5, 4]",5,-833,"[-1, -1, 10]","[0, 2, 4]",8,-1023,"[-1, -1, 10]","[0, 2, 4]",8,-501
"[-10, -10, -10, -10, -10, -10, -10, -10, -10, -10]","[2, 2, 2, 2, 2, 2, 2, 2, 2, 2]",-100,-1030,"[-1, -1, -1, 10]","[0, 2, 2, 4]",7,-697,"[-1, -10, -10, -10, -10, -10, -10, -10, -10, -10]","[0, 2, 2, 2, 2, 2, 2, 2, 2, 2]",-91,-924,"[-1, -1, -1, 10]","[0, 1, 5, 4]",7,-1016,"[-1, -1, -1, 10]","[0, 1, 5, 4]",7,-494
"[-1, -1, 10]","[0, 2, 4]",8,-1022,"[-1, -1, -1, 10]","[0, 2, 2, 4]",7,-690,"[-10, -10, -10, -10, -10, -10, -10, -10, -10, -10]","[2, 2, 2, 2, 2, 2, 2, 2, 2, 2]",-100,-1024,"[-10, -10, -10, -10, -10, -10, -10, -10, -10, -10]","[2, 2, 2, 2, 2, 2, 2, 2, 2, 2]",-100,-1116,"[-1, -1, -1, 10]","[0, 2, 2, 4]",7,-487
"[-10, -10, -10, -10, -10, -10, -10, -10, -10, -10]","[3, 3, 3, 3, 3, 3, 3, 3, 3, 3]",-100,-1122,"[-1, -1, -1, 10]","[0, 2, 2, 4]",7,-683,"[-1, -1, -1, 10]","[0, 2, 2, 4]",7,-1017,"[-1, -1, 10]","[0, 2, 4]",8,-1108,"[-1, -1, -1, 10]","[0, 2, 2, 4]",7,-480
"[-1, -1, -1, 10]","[0, 1, 5, 4]",7,-1115,"[-1, -1, -1, 10]","[0, 2, 2, 4]",7,-676,"[-10, -10, -10, -10, -10, -10, -10, -10, -10, -10]","[3, 3, 3, 3, 3, 3, 3, 3, 3, 3]",-100,-1117,"[-10, -10, -10, -10, -10, -10, -10, -10, -10, -10]","[2, 2, 2, 2, 2, 2, 2, 2, 2, 2]",-100,-1208,"[-10, -10, -10, -10, -10, -10, -10, -10, -10, -10]","[3, 3, 3, 3, 3, 3, 3, 3, 3, 3]",-100,-580
"[-10, -10, -10, -10, -10, -10, -10, -10, -10, -10]","[2, 2, 2, 2, 2, 2, 2, 2, 2, 2]",-100,-1215,"[-1, -1, -1, 10]","[0, 2, 2, 4]",7,-669,"[-10, -10, -10, -10, -10, -10, -10, -10, -10, -10]","[3, 3, 3, 3, 3, 3, 3, 3, 3, 3]",-100,-1217,"[-1, -1, -1, 10]","[0, 1, 5, 4]",7,-1201,"[-1, -1, -1, -1, -1, 10]","[0, 2, 2, 1, 5, 4]",5,-575
"[-10, -10, -10, -10, -10, -10, -10, -10, -10, -10]","[3, 3, 3, 3, 3, 3, 3, 3, 3, 3]",-100,-1315,"[-1, -1, 10]","[0, 2, 4]",8,-661,"[-10, -10, -10, -10, -10, -10, -10, -10, -10, -10]","[3, 3, 3, 3, 3, 3, 3, 3, 3, 3]",-100,-1317,"[-1, -1, 10]","[0, 2, 4]",8,-1193,"[-1, -1, -1, 10]","[0, 2, 2, 4]",7,-568
"[-10, -10, -10, -10, -10, -10, -10, -10, -10, -10]","[2, 2, 2, 2, 2, 2, 2, 2, 2, 2]",-100,-1415,"[-1, -1, -1, 10]","[0, 1, 5, 4]",7,-654,"[-1, -1, -1, 10]","[0, 2, 2, 4]",7,-1310,"[-1, -10, -10, -10, -10, -10, -10, -10, -10, -10]","[0, 2, 2, 2, 2, 2, 2, 2, 2, 2]",-91,-1284,"[-10, -10, -10, -10, -10, -10, -10, -10, -10, -10]","[2, 2, 2, 2, 2, 2, 2, 2, 2, 2]",-100,-668
"[-1, -1, 10]","[0, 2, 4]",8,-1407,"[-1, -1, -1, -1, 10]","[0, 2, 1, 5, 4]",6,-648,"[-1, -1, -1, 10]","[0, 2, 2, 4]",7,-1303,"[-1, -1, -1, 10]","[0, 1, 5, 4]",7,-1277,"[-1, -1, -1, -1, -1, 10]","[0, 2, 2, 1, 5, 4]",5,-663
"[-1, -1, 10]","[0, 2, 4]",8,-1399,"[-10, -10, -10, -10, -10, -10, -10, -10, -10, -10]","[3, 3, 3, 3, 3, 3, 3, 3, 3, 3]",-100,-748,"[-10, -10, -10, -10, -10, -10, -10, -10, -10, -10]","[3, 3, 3, 3, 3, 3, 3, 3, 3, 3]",-100,-1403,"[-1, -1, -1, -1, 10]","[0, 2, 1, 5, 4]",6,-1271,"[-10, -10, -10, -10, -10, -10, -10, -10, -10, -10]","[2, 2, 2, 2, 2, 2, 2, 2, 2, 2]",-100,-763
"[-1, -1, -1, 10]","[0, 2, 2, 4]",7,-1392,"[-1, -1, 10]","[0, 2, 4]",8,-740,"[-10, -10, -10, -10, -10, -10, -10, -10, -10, -10]","[2, 2, 2, 2, 2, 2, 2, 2, 2, 2]",-100,-1503,"[-10, -10, -10, -10, -10, -10, -10, -10, -10, -10]","[3, 3, 3, 3, 3, 3, 3, 3, 3, 3]",-100,-1371,"[-1, -1, -1, -1, 10]","[0, 3, 1, 5, 4]",6,-757
"[-1, -1, 10]","[0, 2, 4]",8,-1384,"[-1, -1, -1, 10]","[0, 2, 2, 4]",7,-733,"[-1, -10, -10, -10, -10, -10, -10, -10, -10, -10]","[0, 2, 2, 2, 2, 2, 2, 2, 2, 2]",-91,-1594,"[-1, -1, -1, 10]","[0, 2, 2, 4]",7,-1364,"[-1, -1, 10]","[0, 2, 4]",8,-749
"[-1, -1, -1, 10]","[0, 1, 5, 4]",7,-1377,"[-1, -1, 10]","[0, 2, 4]",8,-725,"[-1, -1, 10]","[0, 2, 4]",8,-1586,"[-1, -1, -1, -1, -1, 10]","[0, 2, 2, 1, 5, 4]",5,-1359,"[-1, -1, 10]","[0, 2, 4]",8,-741
"[-1, -1, -1, -1, 10]","[0, 2, 1, 5, 4]",6,-1371,"[-1, -1, -1, 10]","[0, 2, 2, 4]",7,-718,"[-1, -1, -1, -1, 10]","[0, 2, 1, 5, 4]",6,-1580,"[-1, -1, -1, 10]","[0, 2, 2, 4]",7,-1352,"[-1, -1, -1, -1, 10]","[0, 2, 1, 5, 4]",6,-735
"[-1, -1, 10]","[0, 2, 4]",8,-1363,"[-1, -1, 10]","[0, 2, 4]",8,-710,"[-10, -10, -10, -10, -10, -10, -10, -10, -10, -10]","[2, 2, 2, 2, 2, 2, 2, 2, 2, 2]",-100,-1680,"[-1, -1, 10]","[0, 2, 4]",8,-1344,"[-1, -1, 10]","[0, 2, 4]",8,-727
"[-1, -1, -1, -1, 10]","[0, 2, 1, 5, 4]",6,-1357,"[-1, -1, -1, 10]","[0, 1, 5, 4]",7,-703,"[-1, -1, -1, -1, 10]","[0, 3, 1, 5, 4]",6,-1674,"[-1, -1, -1, 10]","[0, 2, 2, 4]",7,-1337,"[-10, -10, -10, -10, -10, -10, -10, -10, -10, -10]","[2, 2, 2, 2, 2, 2, 2, 2, 2, 2]",-100,-827
"[-10, -10, -10, -10, -10, -10, -10, -10, -10, -10]","[3, 3, 3, 3, 3, 3, 3, 3, 3, 3]",-100,-1457,"[-10, -10, -10, -10, -10, -10, -10, -10, -10, -10]","[2, 2, 2, 2, 2, 2, 2, 2, 2, 2]",-100,-803,"[-1, -1, -1, 10]","[0, 2, 2, 4]",7,-1667,"[-1, -1, -1, 10]","[0, 2, 2, 4]",7,-1330,"[-1, -1, -1, -1, 10]","[0, 2, 1, 5, 4]",6,-821
"[-1, -1, -1, -1, 10]","[0, 3, 1, 5, 4]",6,-1451,"[-1, -10, -10, -10, -10, -10, -10, -10, -10, -10]","[0, 1, 1, 1, 1, 1, 1, 1, 1, 1]",-91,-894,"[-1, -1, 10]","[0, 2, 4]",8,-1659,"[-10, -10, -10, -10, -10, -10, -10, -10, -10, -10]","[3, 3, 3, 3, 3, 3, 3, 3, 3, 3]",-100,-1430,"[-10, -10, -10, -10, -10, -10, -10, -10, -10, -10]","[2, 2, 2, 2, 2, 2, 2, 2, 2, 2]",-100,-921
"[-1, -1, 10]","[0, 2, 4]",8,-1443,"[-1, -1, 10]","[0, 2, 4]",8,-886,"[-1, -1, -1, -1, 10]","[0, 2, 1, 5, 4]",6,-1653,"[-1, -1, -1, 10]","[0, 2, 2, 4]",7,-1423,"[-1, -1, -1, 10]","[0, 2, 2, 4]",7,-914
"[-1, -1, -1, 10]","[0, 2, 2, 4]",7,-1436,"[-1, -10, -10, -10, -10, -10, -10, -10, -10, -10]","[0, 2, 2, 2, 2, 2, 2, 2, 2, 2]",-91,-977,"[-10, -10, -10, -10, -10, -10, -10, -10, -10, -10]","[2, 2, 2, 2, 2, 2, 2, 2, 2, 2]",-100,-1753,"[-1, -1, -1, 10]","[0, 2, 2, 4]",7,-1416,"[-1, -1, -1, 10]","[0, 1, 5, 4]",7,-907
"[-1, -1, 10]","[0, 2, 4]",8,-1428,"[-1, -1, 10]","[0, 2, 4]",8,-969,"[-1, -1, 10]","[0, 2, 4]",8,-1745,"[-1, -1, 10]","[0, 2, 4]",8,-1408,"[-1, -1, -1, -1, -1, 10]","[0, 2, 2, 1, 5, 4]",5,-902
"[-10, -10, -10, -10, -10, -10, -10, -10, -10, -10]","[2, 2, 2, 2, 2, 2, 2, 2, 2, 2]",-100,-1528,"[-1, -1, 10]","[0, 2, 4]",8,-961,"[-1, -1, -1, -1, 10]","[0, 2, 1, 5, 4]",6,-1739,"[-1, -1, -1, -1, -1, 10]","[0, 2, 2, 1, 5, 4]",5,-1403,"[-1, -1, -1, 10]","[0, 2, 2, 4]",7,-895
"[-10, -10, -10, -10, -10, -10, -10, -10, -10, -10]","[3, 3, 3, 3, 3, 3, 3, 3, 3, 3]",-100,-1628,"[-1, -1, 10]","[0, 2, 4]",8,-953,"[-10, -10, -10, -10, -10, -10, -10, -10, -10, -10]","[2, 2, 2, 2, 2, 2, 2, 2, 2, 2]",-100,-1839,"[-10, -10, -10, -10, -10, -10, -10, -10, -10, -10]","[2, 2, 2, 2, 2, 2, 2, 2, 2, 2]",-100,-1503,"[-1, -1, -1, 10]","[0, 1, 5, 4]",7,-888
"[-1, -1, -1, 10]","[0, 2, 2, 4]",7,-1621,"[-1, -10, -10, -10, -10, -10, -10, -10, -10, -10]","[0, 1, 1, 1, 1, 1, 1, 1, 1, 1]",-91,-1044,"[-1, -10, -10, -10, -10, -10, -10, -10, -10, -10]","[0, 2, 2, 2, 2, 2, 2, 2, 2, 2]",-91,-1930,"[-1, -1, -1, 10]","[0, 2, 2, 4]",7,-1496,"[-1, -1, -1, 10]","[0, 2, 2, 4]",7,-881
"[-1, -1, -1, 10]","[0, 1, 5, 4]",7,-1614,"[-1, -1, 10]","[0, 2, 4]",8,-1036,"[-10, -10, -10, -10, -10, -10, -10, -10, -10, -10]","[3, 3, 3, 3, 3, 3, 3, 3, 3, 3]",-100,-2030,"[-1, -1, -1, 10]","[0, 2, 2, 4]",7,-1489,"[-10, -10, -10, -10, -10, -10, -10, -10, -10, -10]","[2, 2, 2, 2, 2, 2, 2, 2, 2, 2]",-100,-981
"[-1, -1, 10]","[0, 2, 4]",8,-1606,"[-1, -1, 10]","[0, 2, 4]",8,-1028,"[-1, -1, -1, 10]","[0, 1, 5, 4]",7,-2023,"[-10, -10, -10, -10, -10, -10, -10, -10, -10, -10]","[3, 3, 3, 3, 3, 3, 3, 3, 3, 3]",-100,-1589,"[-10, -10, -10, -10, -10, -10, -10, -10, -10, -10]","[3, 3, 3, 3, 3, 3, 3, 3, 3, 3]",-100,-1081
"[-1, -1, -1, -1, -1, 10]","[0, 2, 2, 1, 5, 4]",5,-1601,"[-1, -1, -1, -1, 10]","[0, 2, 1, 5, 4]",6,-1022,"[-1, -1, 10]","[0, 2, 4]",8,-2015,"[-10, -10, -10, -10, -10, -10, -10, -10, -10, -10]","[2, 2, 2, 2, 2, 2, 2, 2, 2, 2]",-100,-1689,"[-1, -1, -1, -1, -1, 10]","[0, 2, 2, 1, 5, 4]",5,-1076
"[-1, -1, -1, 10]","[0, 1, 5, 4]",7,-1594,"[-10, -10, -10, -10, -10, -10, -10, -10, -10, -10]","[2, 2, 2, 2, 2, 2, 2, 2, 2, 2]",-100,-1122,"[-1, -1, -1, -1, 10]","[0, 2, 1, 5, 4]",6,-2009,"[-1, -1, 10]","[0, 2, 4]",8,-1681,"[-1, -1, -1, 10]","[0, 1, 5, 4]",7,-1069
"[-1, -1, -1, 10]","[0, 1, 5, 4]",7,-1587,"[-1, -1, 10]","[0, 2, 4]",8,-1114,"[-1, -1, -1, 10]","[0, 2, 2, 4]",7,-2002,"[-1, -1, -1, 10]","[0, 1, 5, 4]",7,-1674,"[-1, -1, 10]","[0, 2, 4]",8,-1061
"[-1, -1, -1, 10]","[0, 2, 2, 4]",7,-1580,"[-10, -10, -10, -10, -10, -10, -10, -10, -10, -10]","[2, 2, 2, 2, 2, 2, 2, 2, 2, 2]",-100,-1214,"[-1, -1, -1, 10]","[0, 1, 5, 4]",7,-1995,"[-1, -1, -1, -1, 10]","[0, 2, 1, 5, 4]",6,-1668,"[-1, -1, -1, -1, -1, 10]","[0, 2, 2, 1, 5, 4]",5,-1056
"[-1, -1, -1, 10]","[0, 1, 5, 4]",7,-1573,"[-1, -1, -1, -1, 10]","[0, 2, 1, 5, 4]",6,-1208,"[-1, -1, -1, -1, 10]","[0, 2, 1, 5, 4]",6,-1989,"[-1, -1, -1, 10]","[0, 2, 2, 4]",7,-1661,"[-1, -1, -1, 10]","[0, 2, 2, 4]",7,-1049
"[-1, -1, 10]","[0, 2, 4]",8,-1565,"[-1, -10, -10, -10, -10, -10, -10, -10, -10, -10]","[0, 1, 1, 1, 1, 1, 1, 1, 1, 1]",-91,-1299,"[-1, -1, -1, 10]","[0, 2, 2, 4]",7,-1982,"[-1, -1, -1, -1, 10]","[0, 2, 1, 5, 4]",6,-1655,"[-1, -1, -1, 10]","[0, 1, 5, 4]",7,-1042
"[-1, -1, -1, 10]","[0, 2, 2, 4]",7,-1558,"[-1, -1, 10]","[0, 2, 4]",8,-1291,"[-10, -10, -10, -10, -10, -10, -10, -10, -10, -10]","[3, 3, 3, 3, 3, 3, 3, 3, 3, 3]",-100,-2082,"[-10, -10, -10, -10, -10, -10, -10, -10, -10, -10]","[2, 2, 2, 2, 2, 2, 2, 2, 2, 2]",-100,-1755,"[-10, -10, -10, -10, -10, -10, -10, -10, -10, -10]","[3, 3, 3, 3, 3, 3, 3, 3, 3, 3]",-100,-1142
"[-10, -10, -10, -10, -10, -10, -10, -10, -10, -10]","[3, 3, 3, 3, 3, 3, 3, 3, 3, 3]",-100,-1658,"[-1, -1, 10]","[0, 2, 4]",8,-1283,"[-1, -10, -10, -10, -10, -10, -10, -10, -10, -10]","[0, 1, 1, 1, 1, 1, 1, 1, 1, 1]",-91,-2173,"[-1, -1, -1, -1, 10]","[0, 2, 1, 5, 4]",6,-1749,"[-1, -1, -1, 10]","[0, 2, 2, 4]",7,-1135
"[-1, -1, -1, 10]","[0, 2, 2, 4]",7,-1651,"[-10, -10, -10, -10, -10, -10, -10, -10, -10, -10]","[3, 3, 3, 3, 3, 3, 3, 3, 3, 3]",-100,-1383,"[-10, -10, -10, -10, -10, -10, -10, -10, -10, -10]","[2, 2, 2, 2, 2, 2, 2, 2, 2, 2]",-100,-2273,"[-10, -10, -10, -10, -10, -10, -10, -10, -10, -10]","[2, 2, 2, 2, 2, 2, 2, 2, 2, 2]",-100,-1849,"[-10, -10, -10, -10, -10, -10, -10, -10, -10, -10]","[2, 2, 2, 2, 2, 2, 2, 2, 2, 2]",-100,-1235
"[-1, -1, -1, 10]","[0, 2, 2, 4]",7,-1644,"[-10, -10, -10, -10, -10, -10, -10, -10, -10, -10]","[2, 2, 2, 2, 2, 2, 2, 2, 2, 2]",-100,-1483,"[-10, -10, -10, -10, -10, -10, -10, -10, -10, -10]","[3, 3, 3, 3, 3, 3, 3, 3, 3, 3]",-100,-2373,"[-1, -1, -1, 10]","[0, 2, 2, 4]",7,-1842,"[-1, -1, -1, 10]","[0, 2, 2, 4]",7,-1228
"[-10, -10, -10, -10, -10, -10, -10, -10, -10, -10]","[2, 2, 2, 2, 2, 2, 2, 2, 2, 2]",-100,-1744,"[-1, -1, 10]","[0, 2, 4]",8,-1475,"[-1, -1, -1, 10]","[0, 1, 5, 4]",7,-2366,"[-1, -1, 10]","[0, 2, 4]",8,-1834,"[-1, -1, 10]","[0, 2, 4]",8,-1220
"[-1, -1, -1, 10]","[0, 2, 2, 4]",7,-1737,"[-1, -1, 10]","[0, 2, 4]",8,-1467,"[-1, -1, -1, -1, -1, 10]","[0, 2, 2, 1, 5, 4]",5,-2361,"[-1, -1, -1, 10]","[0, 2, 2, 4]",7,-1827,"[-1, -1, -1, -1, -1, 10]","[0, 2, 2, 1, 5, 4]",5,-1215
"[-1, -1, -1, -1, -1, 10]","[0, 2, 2, 1, 5, 4]",5,-1732,"[-1, -1, -1, 10]","[0, 2, 2, 4]",7,-1460,"[-1, -1, -1, 10]","[0, 2, 2, 4]",7,-2354,"[-1, -1, -1, -1, -1, 10]","[0, 2, 2, 1, 5, 4]",5,-1822,"[-1, -1, 10]","[0, 2, 4]",8,-1207
"[-1, -1, 10]","[0, 2, 4]",8,-1724,"[-1, -1, 10]","[0, 2, 4]",8,-1452,"[-1, -1, 10]","[0, 2, 4]",8,-2346,"[-10, -10, -10, -10, -10, -10, -10, -10, -10, -10]","[2, 2, 2, 2, 2, 2, 2, 2, 2, 2]",-100,-1922,"[-1, -1, -1, 10]","[0, 2, 2, 4]",7,-1200
"[-1, -1, -1, 10]","[0, 1, 5, 4]",7,-1717,"[-10, -10, -10, -10, -10, -10, -10, -10, -10, -10]","[2, 2, 2, 2, 2, 2, 2, 2, 2, 2]",-100,-1552,"[-1, -1, -1, 10]","[0, 1, 5, 4]",7,-2339,"[-1, -1, -1, -1, 10]","[0, 3, 1, 5, 4]",6,-1916,"[-1, -1, 10]","[0, 2, 4]",8,-1192
"[-1, -10, -10, -10, -10, -10, -10, -10, -10, -10]","[0, 1, 1, 1, 1, 1, 1, 1, 1, 1]",-91,-1808,"[-1, -1, 10]","[0, 2, 4]",8,-1544,"[-1, -1, 10]","[0, 2, 4]",8,-2331,"[-1, -1, 10]","[0, 2, 4]",8,-1908,"[-10, -10, -10, -10, -10, -10, -10, -10, -10, -10]","[3, 3, 3, 3, 3, 3, 3, 3, 3, 3]",-100,-1292
"[-1, -1, -1, 10]","[0, 2, 2, 4]",7,-1801,"[-1, -1, -1, -1, 10]","[0, 3, 1, 5, 4]",6,-1538,"[-1, -10, -10, -10, -10, -10, -10, -10, -10, -10]","[0, 1, 1, 1, 1, 1, 1, 1, 1, 1]",-91,-2422,"[-10, -10, -10, -10, -10, -10, -10, -10, -10, -10]","[3, 3, 3, 3, 3, 3, 3, 3, 3, 3]",-100,-2008,"[-1, -1, -1, 10]","[0, 2, 2, 4]",7,-1285
"[-1, -1, 10]","[0, 2, 4]",8,-1793,"[-1, -1, -1, 10]","[0, 2, 2, 4]",7,-1531,"[-1, -1, -1, -1, 10]","[0, 2, 1, 5, 4]",6,-2416,"[-1, -10, -10, -10, -10, -10, -10, -10, -10, -10]","[0, 1, 1, 1, 1, 1, 1, 1, 1, 1]",-91,-2099,"[-10, -10, -10, -10, -10, -10, -10, -10, -10, -10]","[2, 2, 2, 2, 2, 2, 2, 2, 2, 2]",-100,-1385
"[-10, -10, -10, -10, -10, -10, -10, -10, -10, -10]","[2, 2, 2, 2, 2, 2, 2, 2, 2, 2]",-100,-1893,"[-1, -1, -1, 10]","[0, 2, 2, 4]",7,-1524,"[-1, -10, -10, -10, -10, -10, -10, -10, -10, -10]","[0, 1, 1, 1, 1, 1, 1, 1, 1, 1]",-91,-2507,"[-10, -10, -10, -10, -10, -10, -10, -10, -10, -10]","[2, 2, 2, 2, 2, 2, 2, 2, 2, 2]",-100,-2199,"[-10, -10, -10, -10, -10, -10, -10, -10, -10, -10]","[2, 2, 2, 2, 2, 2, 2, 2, 2, 2]",-100,-1485
"[-1, -1, 10]","[0, 2, 4]",8,-1885,"[-10, -10, -10, -10, -10, -10, -10, -10, -10, -10]","[2, 2, 2, 2, 2, 2, 2, 2, 2, 2]",-100,-1624,"[-1, -1, -1, 10]","[0, 2, 2, 4]",7,-2500,"[-1, -1, 10]","[0, 2, 4]",8,-2191,"[-1, -1, -1, 10]","[0, 2, 2, 4]",7,-1478
"[-1, -1, -1, 10]","[0, 2, 2, 4]",7,-1878,"[-10, -10, -10, -10, -10, -10, -10, -10, -10, -10]","[2, 2, 2, 2, 2, 2, 2, 2, 2, 2]",-100,-1724,"[-1, -1, -1, 10]","[0, 1, 5, 4]",7,-2493,"[-1, -1, 10]","[0, 2, 4]",8,-2183,"[-1, -10, -10, -10, -10, -10, -10, -10, -10, -10]","[0, 2, 2, 2, 2, 2, 2, 2, 2, 2]",-91,-1569
"[-1, -1, -1, 10]","[0, 2, 2, 4]",7,-1871,"[-10, -10, -10, -10, -10, -10, -10, -10, -10, -10]","[3, 3, 3, 3, 3, 3, 3, 3, 3, 3]",-100,-1824,"[-1, -1, 10]","[0, 2, 4]",8,-2485,"[-1, -1, -1, 10]","[0, 1, 5, 4]",7,-2176,"[-10, -10, -10, -10, -10, -10, -10, -10, -10, -10]","[2, 2, 2, 2, 2, 2, 2, 2, 2, 2]",-100,-1669
"[-1, -1, 10]","[0, 2, 4]",8,-1863,"[-1, -1, 10]","[0, 2, 4]",8,-1816,"[-10, -10, -10, -10, -10, -10, -10, -10, -10, -10]","[3, 3, 3, 3, 3, 3, 3, 3, 3, 3]",-100,-2585,"[-1, -1, -1, 10]","[0, 2, 2, 4]",7,-2169,"[-10, -10, -10, -10, -10, -10, -10, -10, -10, -10]","[3, 3, 3, 3, 3, 3, 3, 3, 3, 3]",-100,-1769
"[-1, -1, -1, 10]","[0, 2, 2, 4]",7,-1856,"[-1, -1, 10]","[0, 2, 4]",8,-1808,"[-1, -1, 10]","[0, 2, 4]",8,-2577,"[-10, -10, -10, -10, -10, -10, -10, -10, -10, -10]","[3, 3, 3, 3, 3, 3, 3, 3, 3, 3]",-100,-2269,"[-1, -1, -1, 10]","[0, 2, 2, 4]",7,-1762
"[-1, -1, 10]","[0, 2, 4]",8,-1848,"[-1, -10, -10, -10, -10, -10, -10, -10, -10, -10]","[0, 1, 1, 1, 1, 1, 1, 1, 1, 1]",-91,-1899,"[-1, -1, 10]","[0, 2, 4]",8,-2569,"[-10, -10, -10, -10, -10, -10, -10, -10, -10, -10]","[3, 3, 3, 3, 3, 3, 3, 3, 3, 3]",-100,-2369,"[-1, -1, 10]","[0, 2, 4]",8,-1754
"[-1, -1, 10]","[0, 2, 4]",8,-1840,"[-10, -10, -10, -10, -10, -10, -10, -10, -10, -10]","[2, 2, 2, 2, 2, 2, 2, 2, 2, 2]",-100,-1999,"[-1, -1, 10]","[0, 2, 4]",8,-2561,"[-1, -1, -1, -1, 10]","[0, 2, 1, 5, 4]",6,-2363,"[-1, -1, -1, 10]","[0, 2, 2, 4]",7,-1747
"[-1, -1, -1, 10]","[0, 2, 2, 4]",7,-1833,"[-10, -10, -10, -10, -10, -10, -10, -10, -10, -10]","[3, 3, 3, 3, 3, 3, 3, 3, 3, 3]",-100,-2099,"[-1, -1, 10]","[0, 2, 4]",8,-2553,"[-1, -1, 10]","[0, 2, 4]",8,-2355,"[-10, -10, -10, -10, -10, -10, -10, -10, -10, -10]","[3, 3, 3, 3, 3, 3, 3, 3, 3, 3]",-100,-1847
"[-1, -1, 10]","[0, 2, 4]",8,-1825,"[-1, -1, -1, 10]","[0, 2, 2, 4]",7,-2092,"[-1, -1, -1, -1, 10]","[0, 2, 1, 5, 4]",6,-2547,"[-1, -1, 10]","[0, 2, 4]",8,-2347,"[-1, -1, -1, 10]","[0, 1, 5, 4]",7,-1840
"[-10, -10, -10, -10, -10, -10, -10, -10, -10, -10]","[2, 2, 2, 2, 2, 2, 2, 2, 2, 2]",-100,-1925,"[-1, -1, 10]","[0, 2, 4]",8,-2084,"[-1, -1, 10]","[0, 2, 4]",8,-2539,"[-1, -1, 10]","[0, 2, 4]",8,-2339,"[-10, -10, -10, -10, -10, -10, -10, -10, -10, -10]","[2, 2, 2, 2, 2, 2, 2, 2, 2, 2]",-100,-1940
"[-1, -1, -1, 10]","[0, 1, 5, 4]",7,-1918,"[-1, -1, 10]","[0, 2, 4]",8,-2076,"[-1, -1, -1, 10]","[0, 2, 2, 4]",7,-2532,"[-1, -1, -1, -1, 10]","[0, 2, 1, 5, 4]",6,-2333,"[-1, -1, 10]","[0, 2, 4]",8,-1932
"[-10, -10, -10, -10, -10, -10, -10, -10, -10, -10]","[3, 3, 3, 3, 3, 3, 3, 3, 3, 3]",-100,-2018,"[-10, -10, -10, -10, -10, -10, -10, -10, -10, -10]","[3, 3, 3, 3, 3, 3, 3, 3, 3, 3]",-100,-2176,"[-1, -1, 10]","[0, 2, 4]",8,-2524,"[-1, -1, -1, -1, -1, 10]","[0, 2, 2, 1, 5, 4]",5,-2328,"[-1, -1, 10]","[0, 2, 4]",8,-1924
"[-1, -1, -1, 10]","[0, 2, 2, 4]",7,-2011,"[-10, -10, -10, -10, -10, -10, -10, -10, -10, -10]","[3, 3, 3, 3, 3, 3, 3, 3, 3, 3]",-100,-2276,"[-10, -10, -10, -10, -10, -10, -10, -10, -10, -10]","[2, 2, 2, 2, 2, 2, 2, 2, 2, 2]",-100,-2624,"[-1, -10, -10, -10, -10, -10, -10, -10, -10, -10]","[0, 2, 2, 2, 2, 2, 2, 2, 2, 2]",-91,-2419,"[-1, -1, 10]","[0, 2, 4]",8,-1916
"[-1, -1, 10]","[0, 2, 4]",8,-2003,"[-1, -1, -1, -1, 10]","[0, 2, 1, 5, 4]",6,-2270,"[-10, -10, -10, -10, -10, -10, -10, -10, -10, -10]","[2, 2, 2, 2, 2, 2, 2, 2, 2, 2]",-100,-2724,"[-1, -1, -1, -1, 10]","[0, 2, 1, 5, 4]",6,-2413,"[-10, -10, -10, -10, -10, -10, -10, -10, -10, -10]","[3, 3, 3, 3, 3, 3, 3, 3, 3, 3]",-100,-2016
"[-1, -1, 10]","[0, 2, 4]",8,-1995,"[-10, -10, -10, -10, -10, -10, -10, -10, -10, -10]","[3, 3, 3, 3, 3, 3, 3, 3, 3, 3]",-100,-2370,"[-1, -1, -1, 10]","[0, 2, 2, 4]",7,-2717,"[-10, -10, -10, -10, -10, -10, -10, -10, -10, -10]","[2, 2, 2, 2, 2, 2, 2, 2, 2, 2]",-100,-2513,"[-10, -10, -10, -10, -10, -10, -10, -10, -10, -10]","[3, 3, 3, 3, 3, 3, 3, 3, 3, 3]",-100,-2116
"[-1, -1, -1, -1, 10]","[0, 2, 1, 5, 4]",6,-1989,"[-1, -1, -1, 10]","[0, 2, 2, 4]",7,-2363,"[-1, -1, 10]","[0, 2, 4]",8,-2709,"[-10, -10, -10, -10, -10, -10, -10, -10, -10, -10]","[3, 3, 3, 3, 3, 3, 3, 3, 3, 3]",-100,-2613,"[-1, -1, -1, 10]","[0, 2, 2, 4]",7,-2109
"[-1, -1, -1, 10]","[0, 2, 2, 4]",7,-1982,"[-10, -10, -10, -10, -10, -10, -10, -10, -10, -10]","[2, 2, 2, 2, 2, 2, 2, 2, 2, 2]",-100,-2463,"[-1, -1, -1, 10]","[0, 2, 2, 4]",7,-2702,"[-1, -1, -1, 10]","[0, 2, 2, 4]",7,-2606,"[-10, -10, -10, -10, -10, -10, -10, -10, -10, -10]","[3, 3, 3, 3, 3, 3, 3, 3, 3, 3]",-100,-2209
"[-10, -10, -10, -10, -10, -10, -10, -10, -10, -10]","[2, 2, 2, 2, 2, 2, 2, 2, 2, 2]",-100,-2082,"[-1, -1, -1, -1, 10]","[0, 2, 1, 5, 4]",6,-2457,"[-1, -1, 10]","[0, 2, 4]",8,-2694,"[-10, -10, -10, -10, -10, -10, -10, -10, -10, -10]","[2, 2, 2, 2, 2, 2, 2, 2, 2, 2]",-100,-2706,"[-1, -1, 10]","[0, 2, 4]",8,-2201
"[-1, -1, 10]","[0, 2, 4]",8,-2074,"[-10, -10, -10, -10, -10, -10, -10, -10, -10, -10]","[2, 2, 2, 2, 2, 2, 2, 2, 2, 2]",-100,-2557,"[-1, -1, -1, 10]","[0, 2, 2, 4]",7,-2687,"[-1, -1, -1, 10]","[0, 2, 2, 4]",7,-2699,"[-1, -1, -1, 10]","[0, 2, 2, 4]",7,-2194
"[-1, -1, 10]","[0, 2, 4]",8,-2066,"[-1, -1, 10]","[0, 2, 4]",8,-2549,"[-1, -1, -1, -1, -1, 10]","[0, 2, 2, 1, 5, 4]",5,-2682,"[-1, -1, -1, -1, 10]","[0, 3, 1, 5, 4]",6,-2693,"[-1, -1, -1, 10]","[0, 2, 2, 4]",7,-2187
"[-1, -10, -10, -10, -10, -10, -10, -10, -10, -10]","[0, 1, 1, 1, 1, 1, 1, 1, 1, 1]",-91,-2157,"[-1, -1, 10]","[0, 2, 4]",8,-2541,"[-1, -1, -1, -1, 10]","[0, 3, 1, 5, 4]",6,-2676,"[-1, -1, -1, -1, 10]","[0, 3, 1, 5, 4]",6,-2687,"[-10, -10, -10, -10, -10, -10, -10, -10, -10, -10]","[2, 2, 2, 2, 2, 2, 2, 2, 2, 2]",-100,-2287
"[-1, -1, -1, -1, 10]","[0, 2, 1, 5, 4]",6,-2151,"[-1, -1, -1, 10]","[0, 2, 2, 4]",7,-2534,"[-1, -1, -1, 10]","[0, 2, 2, 4]",7,-2669,"[-1, -1, 10]","[0, 2, 4]",8,-2679,"[-1, -1, 10]","[0, 2, 4]",8,-2279
